Sl. No,State/UT,District,Male - Total Male,Male - Male_Below 12 years,Male - Male_12 years & Above_Below 16 years,Male - Male_16 years & Above_Below 18 years,Male - Male_Children,Male - Male_18 years & Above,Female - Total Female,Female - Female_Below 12 years,Female - Female_12 years & Above_Below 16 years,Female - Female_16 years & Above_Below 18 years,Female - Female_Children,Female - Female_18 years & Above,Transgender - Total Transgender,Transgender - Transgender_Below 12 years,Transgender - Transgender_12 years & Above_Below 16 years,Transgender - Transgender_16 years & Above_Below 18 years,Transgender - Transgender_Children,Transgender - Transgender_18 years & Above,Total - Grand Total,Total - Total_Below 12 years,Total - Total_12 years & Above_Below 14 years,Total - Total_14 years & Above_Below 18 years,Total - Total_Children,Total - Total_18 years & Above
1,Andhra Pradesh,Alluri Sitharama Raju,36,0,8,0,8,28,80,0,8,46,54,26,1,0,0,0,0,1,117,0,16,46,62,55
2,Andhra Pradesh,Anakapalli,89,4,8,8,20,69,197,5,14,37,56,141,0,0,0,0,0,0,286,9,22,45,76,210
3,Andhra Pradesh,Anantapuramu,217,4,19,15,38,179,651,0,54,166,220,431,0,0,0,0,0,0,868,4,73,181,258,610
4,Andhra Pradesh,Annamayya,91,11,4,16,31,60,292,18,45,72,135,157,0,0,0,0,0,0,383,29,49,88,166,217
5,Andhra Pradesh,Bapatla,121,4,9,11,24,97,297,2,18,59,79,218,4,3,0,0,3,1,422,9,27,70,106,316
6,Andhra Pradesh,Chittoor,114,2,9,7,18,96,538,1,49,127,177,361,0,0,0,0,0,0,652,3,58,134,195,457
7,Andhra Pradesh,Dr BR Ambedkar Konaseema,165,8,10,5,23,142,267,11,29,37,77,190,0,0,0,0,0,0,432,19,39,42,100,332
8,Andhra Pradesh,East Godavari,208,7,15,14,36,172,403,6,43,90,139,264,0,0,0,0,0,0,611,13,58,104,175,436
9,Andhra Pradesh,Eluru,227,7,8,12,27,200,413,7,22,69,98,315,0,0,0,0,0,0,640,14,30,81,125,515
10,Andhra Pradesh,Guntakal Railway,4,0,1,0,1,3,6,0,1,0,1,5,0,0,0,0,0,0,10,0,2,0,2,8
11,Andhra Pradesh,Guntur,343,13,38,24,75,268,688,7,89,78,174,514,0,0,0,0,0,0,1031,20,127,102,249,782
12,Andhra Pradesh,Kakinada,157,0,4,5,9,148,389,0,17,77,94,295,0,0,0,0,0,0,546,0,21,82,103,443
13,Andhra Pradesh,Krishna,188,19,7,6,32,156,368,30,13,42,85,283,0,0,0,0,0,0,556,49,20,48,117,439
14,Andhra Pradesh,Kurnool,102,10,7,5,22,80,238,21,33,40,94,144,0,0,0,0,0,0,340,31,40,45,116,224
15,Andhra Pradesh,Nandyal,133,15,7,6,28,105,300,17,36,43,96,204,0,0,0,0,0,0,433,32,43,49,124,309
16,Andhra Pradesh,NTR,486,14,36,21,71,415,861,9,33,130,172,689,0,0,0,0,0,0,1347,23,69,151,243,1104
17,Andhra Pradesh,Palnadu,133,28,12,5,45,88,364,22,49,40,111,253,0,0,0,0,0,0,497,50,61,45,156,341
18,Andhra Pradesh,Parvathipuram Manyam,45,3,3,3,9,36,82,6,0,7,13,69,2,1,1,0,2,0,129,10,4,10,24,105
19,Andhra Pradesh,Prakasam,212,26,32,15,73,139,474,22,62,67,151,323,0,0,0,0,0,0,686,48,94,82,224,462
20,Andhra Pradesh,Sri Potti Sriramulu Nellore,229,35,22,13,70,159,542,21,90,89,200,342,0,0,0,0,0,0,771,56,112,102,270,501
21,Andhra Pradesh,Sri Sathya Sai,117,2,5,28,35,82,424,3,62,103,168,256,0,0,0,0,0,0,541,5,67,131,203,338
22,Andhra Pradesh,Srikakulam,159,14,13,15,42,117,391,17,14,88,119,272,0,0,0,0,0,0,550,31,27,103,161,389
23,Andhra Pradesh,Tirupati,224,30,20,11,61,163,615,20,63,134,217,398,0,0,0,0,0,0,839,50,83,145,278,561
24,Andhra Pradesh,Viiayawada Railway,22,0,0,0,0,22,13,0,0,0,0,13,2,1,0,1,2,0,37,1,0,1,2,35
25,Andhra Pradesh,Visakhapatnam,330,9,9,19,37,293,515,4,36,60,100,415,0,0,0,0,0,0,845,13,45,79,137,708
26,Andhra Pradesh,Vizianagaram,171,14,5,4,23,148,246,18,6,5,29,217,0,0,0,0,0,0,417,32,11,9,52,365
27,Andhra Pradesh,West Godavari,167,2,5,12,19,148,343,7,34,54,95,248,0,0,0,0,0,0,510,9,39,66,114,396
28,Andhra Pradesh,YSR,162,7,25,12,44,118,436,30,62,72,164,272,0,0,0,0,0,0,598,37,87,84,208,390
Total Districts,Total Districts,Total Districts,4652,288,341,292,921,3731,10433,304,982,1832,3118,7315,9,5,1,1,7,2,15094,597,1324,2125,4046,11048
1,Arunachal Pradesh,Anjaw,2,0,0,0,0,2,0,0,0,0,0,0,0,0,0,0,0,0,2,0,0,0,0,2
2,Arunachal Pradesh,Changlang,7,2,2,0,4,3,7,2,0,0,2,5,0,0,0,0,0,0,14,4,2,0,6,8
3,Arunachal Pradesh,Crime Branch,0,0,0,0,0,0,0,0,0,0,0,0,0,0,0,0,0,0,0,0,0,0,0,0
4,Arunachal Pradesh,Dibang Valley,0,0,0,0,0,0,0,0,0,0,0,0,0,0,0,0,0,0,0,0,0,0,0,0
5,Arunachal Pradesh,Kameng East,0,0,0,0,0,0,0,0,0,0,0,0,0,0,0,0,0,0,0,0,0,0,0,0
6,Arunachal Pradesh,Kameng West,0,0,0,0,0,0,0,0,0,0,0,0,0,0,0,0,0,0,0,0,0,0,0,0
7,Arunachal Pradesh,Kurung Kumey,24,1,0,0,1,23,2,0,0,1,1,1,0,0,0,0,0,0,26,1,0,1,2,24
8,Arunachal Pradesh,Lohit,0,0,0,0,0,0,0,0,0,0,0,0,0,0,0,0,0,0,0,0,0,0,0,0
9,Arunachal Pradesh,Longding,0,0,0,0,0,0,0,0,0,0,0,0,0,0,0,0,0,0,0,0,0,0,0,0
10,Arunachal Pradesh,Lower Dibang Valley,0,0,0,0,0,0,0,0,0,0,0,0,0,0,0,0,0,0,0,0,0,0,0,0
11,Arunachal Pradesh,Papum Pare City,0,0,0,0,0,0,0,0,0,0,0,0,0,0,0,0,0,0,0,0,0,0,0,0
12,Arunachal Pradesh,Papum Pare Rural,0,0,0,0,0,0,0,0,0,0,0,0,0,0,0,0,0,0,0,0,0,0,0,0
13,Arunachal Pradesh,Siang East,0,0,0,0,0,0,0,0,0,0,0,0,0,0,0,0,0,0,0,0,0,0,0,0
14,Arunachal Pradesh,Siang Upper,0,0,0,0,0,0,0,0,0,0,0,0,0,0,0,0,0,0,0,0,0,0,0,0
15,Arunachal Pradesh,Siang West,0,0,0,0,0,0,0,0,0,0,0,0,0,0,0,0,0,0,0,0,0,0,0,0
16,Arunachal Pradesh,Subansiri Lower,2,0,2,0,2,0,0,0,0,0,0,0,0,0,0,0,0,0,2,0,2,0,2,0
17,Arunachal Pradesh,Subansiri Upper,0,0,0,0,0,0,0,0,0,0,0,0,0,0,0,0,0,0,0,0,0,0,0,0
18,Arunachal Pradesh,Tawang,0,0,0,0,0,0,0,0,0,0,0,0,0,0,0,0,0,0,0,0,0,0,0,0
19,Arunachal Pradesh,Tirap,5,0,0,2,2,3,5,0,0,0,0,5,0,0,0,0,0,0,10,0,0,2,2,8
20,Arunachal Pradesh,Namsai,0,0,0,0,0,0,2,1,0,1,2,0,0,0,0,0,0,0,2,1,0,1,2,0
21,Arunachal Pradesh,Siang,0,0,0,0,0,0,0,0,0,0,0,0,0,0,0,0,0,0,0,0,0,0,0,0
22,Arunachal Pradesh,Kamle,0,0,0,0,0,0,0,0,0,0,0,0,0,0,0,0,0,0,0,0,0,0,0,0
23,Arunachal Pradesh,Kra Dadi,0,0,0,0,0,0,0,0,0,0,0,0,0,0,0,0,0,0,0,0,0,0,0,0
24,Arunachal Pradesh,Lower Siang,0,0,0,0,0,0,0,0,0,0,0,0,0,0,0,0,0,0,0,0,0,0,0,0
25,Arunachal Pradesh,Leparada,0,0,0,0,0,0,0,0,0,0,0,0,0,0,0,0,0,0,0,0,0,0,0,0
26,Arunachal Pradesh,Shiyomi,0,0,0,0,0,0,0,0,0,0,0,0,0,0,0,0,0,0,0,0,0,0,0,0
27,Arunachal Pradesh,Pakkessang,0,0,0,0,0,0,0,0,0,0,0,0,0,0,0,0,0,0,0,0,0,0,0,0
Total Districts,Total Districts,Total Districts,40,3,4,2,9,31,16,3,0,2,5,11,0,0,0,0,0,0,56,6,4,4,14,42
1,Assam,BIEO,0,0,0,0,0,0,0,0,0,0,0,0,0,0,0,0,0,0,0,0,0,0,0,0
2,Assam,Barpeta,28,0,0,0,0,28,49,0,0,0,0,49,0,0,0,0,0,0,77,0,0,0,0,77
3,Assam,Baksa,32,4,1,0,5,27,114,7,4,0,11,103,0,0,0,0,0,0,146,11,5,0,16,130
4,Assam,Bongaigaon,41,2,3,3,8,33,191,9,9,13,31,160,0,0,0,0,0,0,232,11,12,16,39,193
5,Assam,CID,0,0,0,0,0,0,0,0,0,0,0,0,0,0,0,0,0,0,0,0,0,0,0,0
6,Assam,Cachar,0,0,0,0,0,0,0,0,0,0,0,0,0,0,0,0,0,0,0,0,0,0,0,0
7,Assam,Chirang,30,17,0,0,17,13,40,0,0,11,11,29,0,0,0,0,0,0,70,17,0,11,28,42
8,Assam,Darrang,27,4,3,0,7,20,79,1,1,9,11,68,0,0,0,0,0,0,106,5,4,9,18,88
9,Assam,Dhemaji,44,0,5,5,10,34,106,0,2,9,11,95,0,0,0,0,0,0,150,0,7,14,21,129
10,Assam,Dhubri,67,10,14,8,32,35,214,14,69,93,176,38,0,0,0,0,0,0,281,24,83,101,208,73
11,Assam,Dibrugarh,7,0,5,0,5,2,7,0,0,2,2,5,0,0,0,0,0,0,14,0,5,2,7,7
12,Assam,GRP,0,0,0,0,0,0,0,0,0,0,0,0,0,0,0,0,0,0,0,0,0,0,0,0
13,Assam,Goalpara,0,0,0,0,0,0,0,0,0,0,0,0,0,0,0,0,0,0,0,0,0,0,0,0
14,Assam,Golaghat,4,0,0,4,4,0,80,0,0,7,7,73,0,0,0,0,0,0,84,0,0,11,11,73
15,Assam,Guwahati City,592,2,33,57,92,500,747,6,26,86,118,629,0,0,0,0,0,0,1339,8,59,143,210,1129
16,Assam,Hailakandi,192,2,26,48,76,116,224,0,21,39,60,164,0,0,0,0,0,0,416,2,47,87,136,280
17,Assam,Hamren,6,2,1,0,3,3,10,2,2,0,4,6,0,0,0,0,0,0,16,4,3,0,7,9
18,Assam,Jorhat,21,1,0,1,2,19,86,7,23,0,30,56,0,0,0,0,0,0,107,8,23,1,32,75
19,Assam,Kamrup,62,6,13,16,35,27,184,11,49,78,138,46,0,0,0,0,0,0,246,17,62,94,173,73
20,Assam,Karbi Anglong,0,0,0,0,0,0,0,0,0,0,0,0,0,0,0,0,0,0,0,0,0,0,0,0
21,Assam,Karimganj,0,0,0,0,0,0,0,0,0,0,0,0,0,0,0,0,0,0,0,0,0,0,0,0
22,Assam,Kokrajhar,0,0,0,0,0,0,69,0,20,7,27,42,0,0,0,0,0,0,69,0,20,7,27,42
23,Assam,Lakhimpur,0,0,0,0,0,0,0,0,0,0,0,0,0,0,0,0,0,0,0,0,0,0,0,0
24,Assam,Morigaon,0,0,0,0,0,0,0,0,0,0,0,0,0,0,0,0,0,0,0,0,0,0,0,0
25,Assam,Dima Hasao,0,0,0,0,0,0,0,0,0,0,0,0,0,0,0,0,0,0,0,0,0,0,0,0
26,Assam,Nagaon,32,5,6,6,17,15,114,17,20,24,61,53,0,0,0,0,0,0,146,22,26,30,78,68
27,Assam,Nalbari,0,0,0,0,0,0,0,0,0,0,0,0,0,0,0,0,0,0,0,0,0,0,0,0
28,Assam,RPO,0,0,0,0,0,0,0,0,0,0,0,0,0,0,0,0,0,0,0,0,0,0,0,0
29,Assam,SOU,0,0,0,0,0,0,0,0,0,0,0,0,0,0,0,0,0,0,0,0,0,0,0,0
30,Assam,STF,0,0,0,0,0,0,0,0,0,0,0,0,0,0,0,0,0,0,0,0,0,0,0,0
31,Assam,Sibsagar,0,0,0,0,0,0,0,0,0,0,0,0,0,0,0,0,0,0,0,0,0,0,0,0
32,Assam,Sonitpur,0,0,0,0,0,0,0,0,0,0,0,0,0,0,0,0,0,0,0,0,0,0,0,0
33,Assam,Tinsukia,89,1,0,5,6,83,176,1,0,21,22,154,0,0,0,0,0,0,265,2,0,26,28,237
34,Assam,Udalguri,40,2,4,2,8,32,137,2,5,2,9,128,0,0,0,0,0,0,177,4,9,4,17,160
35,Assam,Sadia,0,0,0,0,0,0,0,0,0,0,0,0,0,0,0,0,0,0,0,0,0,0,0,0
36,Assam,Majuli,6,1,0,1,2,4,16,1,0,4,5,11,0,0,0,0,0,0,22,2,0,5,7,15
37,Assam,Biswanath,0,0,0,0,0,0,0,0,0,0,0,0,0,0,0,0,0,0,0,0,0,0,0,0
38,Assam,Hojai,0,0,0,0,0,0,0,0,0,0,0,0,0,0,0,0,0,0,0,0,0,0,0,0
39,Assam,South Salmara,22,1,3,3,7,15,99,3,10,8,21,78,0,0,0,0,0,0,121,4,13,11,28,93
40,Assam,Charaideo,46,4,7,8,19,27,158,4,24,25,53,105,0,0,0,0,0,0,204,8,31,33,72,132
41,Assam,Bajali,17,0,0,3,3,14,68,0,0,32,32,36,0,0,0,0,0,0,85,0,0,35,35,50
42,Assam,Tamulpur,0,0,0,0,0,0,0,0,0,0,0,0,0,0,0,0,0,0,0,0,0,0,0,0
Total Districts,Total Districts,Total Districts,1405,64,124,170,358,1047,2968,85,285,470,840,2128,0,0,0,0,0,0,4373,149,409,640,1198,3175
1,Bihar,Araria,36,12,5,0,17,19,247,3,59,100,162,85,0,0,0,0,0,0,283,15,64,100,179,104
2,Bihar,Arwal,7,2,3,2,7,0,42,1,5,23,29,13,0,0,0,0,0,0,49,3,8,25,36,13
3,Bihar,Aurangabad,32,7,4,7,18,14,5,0,0,1,1,4,0,0,0,0,0,0,37,7,4,8,19,18
4,Bihar,Bagaha,6,0,1,0,1,5,27,0,3,13,16,11,0,0,0,0,0,0,33,0,4,13,17,16
5,Bihar,Banka,13,2,2,1,5,8,122,10,64,20,94,28,0,0,0,0,0,0,135,12,66,21,99,36
6,Bihar,Begusarai,44,3,9,12,24,20,260,3,23,197,223,37,0,0,0,0,0,0,304,6,32,209,247,57
7,Bihar,Bettiah,33,14,7,0,21,12,13,3,5,0,8,5,0,0,0,0,0,0,46,17,12,0,29,17
8,Bihar,Kaimur(Bhabhua),18,1,5,6,12,6,95,0,9,55,64,31,0,0,0,0,0,0,113,1,14,61,76,37
9,Bihar,Bhagalpur,66,12,16,0,28,38,322,23,0,138,161,161,0,0,0,0,0,0,388,35,16,138,189,199
10,Bihar,Bhojpur,39,3,16,0,19,20,12,1,8,0,9,3,0,0,0,0,0,0,51,4,24,0,28,23
11,Bihar,Buxar,12,2,2,2,6,6,10,0,0,4,4,6,0,0,0,0,0,0,22,2,2,6,10,12
12,Bihar,Darbhanga,31,0,6,8,14,17,242,0,25,150,175,67,0,0,0,0,0,0,273,0,31,158,189,84
13,Bihar,Gaya,34,5,9,8,22,12,33,3,11,2,16,17,0,0,0,0,0,0,67,8,20,10,38,29
14,Bihar,Gopalganj,24,5,1,2,8,16,315,6,149,30,185,130,0,0,0,0,0,0,339,11,150,32,193,146
15,Bihar,Jamalpur Railway,0,0,0,0,0,0,2,0,0,0,0,2,0,0,0,0,0,0,2,0,0,0,0,2
16,Bihar,Jamui,25,6,6,4,16,9,108,10,5,63,78,30,0,0,0,0,0,0,133,16,11,67,94,39
17,Bihar,Jehanabad,13,2,5,3,10,3,84,0,9,43,52,32,0,0,0,0,0,0,97,2,14,46,62,35
18,Bihar,Katihar,20,0,9,4,13,7,215,0,37,110,147,68,0,0,0,0,0,0,235,0,46,114,160,75
19,Bihar,Katihar Railway,0,0,0,0,0,0,2,0,1,1,2,0,0,0,0,0,0,0,2,0,1,1,2,0
20,Bihar,Khagaria,23,0,10,0,10,13,210,0,14,43,57,153,0,0,0,0,0,0,233,0,24,43,67,166
21,Bihar,Kishanganj,28,5,9,2,16,12,93,3,35,19,57,36,0,0,0,0,0,0,121,8,44,21,73,48
22,Bihar,Lakhisarai,7,0,3,1,4,3,101,0,10,56,66,35,0,0,0,0,0,0,108,0,13,57,70,38
23,Bihar,Madhepura,0,0,0,0,0,0,0,0,0,0,0,0,0,0,0,0,0,0,0,0,0,0,0,0
24,Bihar,Madhubani,22,3,1,6,10,12,203,16,98,74,188,15,0,0,0,0,0,0,225,19,99,80,198,27
25,Bihar,Motihari,7,1,3,0,4,3,315,1,47,163,211,104,0,0,0,0,0,0,322,2,50,163,215,107
26,Bihar,Munger,51,8,15,3,26,25,197,6,40,71,117,80,0,0,0,0,0,0,248,14,55,74,143,105
27,Bihar,Muzaffarpur,65,1,13,24,38,27,698,0,24,378,402,296,0,0,0,0,0,0,763,1,37,402,440,323
28,Bihar,Muzaffarpur Railway,1,0,1,0,1,0,7,0,0,5,5,2,0,0,0,0,0,0,8,0,1,5,6,2
29,Bihar,Nalanda,112,12,30,13,55,57,405,8,105,131,244,161,0,0,0,0,0,0,517,20,135,144,299,218
30,Bihar,Naugachia,8,5,1,2,8,0,32,4,19,9,32,0,0,0,0,0,0,0,40,9,20,11,40,0
31,Bihar,Nawadah,53,18,6,6,30,23,195,27,75,30,132,63,0,0,0,0,0,0,248,45,81,36,162,86
32,Bihar,Patna,329,2,73,78,153,176,998,3,137,515,655,343,0,0,0,0,0,0,1327,5,210,593,808,519
33,Bihar,Patna Railway,0,0,0,0,0,0,0,0,0,0,0,0,0,0,0,0,0,0,0,0,0,0,0,0
34,Bihar,Purnea,7,0,0,4,4,3,43,8,9,8,25,18,0,0,0,0,0,0,50,8,9,12,29,21
35,Bihar,Rohtas,34,2,3,12,17,17,53,4,5,22,31,22,0,0,0,0,0,0,87,6,8,34,48,39
36,Bihar,Saharsa,0,0,0,0,0,0,0,0,0,0,0,0,0,0,0,0,0,0,0,0,0,0,0,0
37,Bihar,Samastipur,5,0,0,0,0,5,335,32,46,111,189,146,0,0,0,0,0,0,340,32,46,111,189,151
38,Bihar,Saran,88,20,17,20,57,31,494,72,273,122,467,27,0,0,0,0,0,0,582,92,290,142,524,58
39,Bihar,Sheikhpura,19,0,7,0,7,12,70,1,15,32,48,22,0,0,0,0,0,0,89,1,22,32,55,34
40,Bihar,Sheohar,5,0,2,0,2,3,45,0,3,30,33,12,0,0,0,0,0,0,50,0,5,30,35,15
41,Bihar,Sitamarhi,59,8,8,8,24,35,415,41,50,179,270,145,0,0,0,0,0,0,474,49,58,187,294,180
42,Bihar,Siwan,42,0,10,11,21,21,264,1,30,157,188,76,0,0,0,0,0,0,306,1,40,168,209,97
43,Bihar,Supaul,10,1,3,1,5,5,130,1,15,68,84,46,0,0,0,0,0,0,140,2,18,69,89,51
44,Bihar,Vaishali,116,45,0,18,63,53,444,53,0,224,277,167,0,0,0,0,0,0,560,98,0,242,340,220
45,Bihar,Economic Offences Unit,0,0,0,0,0,0,0,0,0,0,0,0,0,0,0,0,0,0,0,0,0,0,0,0
46,Bihar,Anti Terrorist Squad,0,0,0,0,0,0,0,0,0,0,0,0,0,0,0,0,0,0,0,0,0,0,0,0
Total Districts,Total Districts,Total Districts,1544,207,321,268,796,748,7903,344,1463,3397,5204,2699,0,0,0,0,0,0,9447,551,1784,3665,6000,3447
1,Chhattisgarh,Balod,116,0,1,3,4,112,387,0,2,61,63,324,0,0,0,0,0,0,503,0,3,64,67,436
2,Chhattisgarh,Balodbazar,172,6,10,7,23,149,654,3,51,128,182,472,0,0,0,0,0,0,826,9,61,135,205,621
3,Chhattisgarh,Balrampur,71,3,8,6,17,54,202,0,27,44,71,131,0,0,0,0,0,0,273,3,35,50,88,185
4,Chhattisgarh,Bemetra,98,1,7,2,10,88,349,0,26,44,70,279,0,0,0,0,0,0,447,1,33,46,80,367
5,Chhattisgarh,Bilaspur,0,0,0,0,0,0,0,0,0,0,0,0,0,0,0,0,0,0,0,0,0,0,0,0
6,Chhattisgarh,Bizapur,21,0,0,0,0,21,37,1,6,5,12,25,0,0,0,0,0,0,58,1,6,5,12,46
7,Chhattisgarh,Dantewara,32,0,2,2,4,28,74,3,14,5,22,52,0,0,0,0,0,0,106,3,16,7,26,80
8,Chhattisgarh,Dhamtari,118,1,5,4,10,108,400,1,16,35,52,348,0,0,0,0,0,0,518,2,21,39,62,456
9,Chhattisgarh,Durg,428,4,18,21,43,385,1018,1,84,149,234,784,0,0,0,0,0,0,1446,5,102,170,277,1169
10,Chhattisgarh,Gariyaband,96,2,5,1,8,88,249,0,16,21,37,212,0,0,0,0,0,0,345,2,21,22,45,300
11,Chhattisgarh,GRP Raipur,8,0,1,1,2,6,19,0,1,3,4,15,0,0,0,0,0,0,27,0,2,4,6,21
12,Chhattisgarh,Jagdalpur,95,3,1,7,11,84,290,0,25,43,68,222,0,0,0,0,0,0,385,3,26,50,79,306
13,Chhattisgarh,Janjgir,275,14,19,12,45,230,909,1,106,168,275,634,0,0,0,0,0,0,1184,15,125,180,320,864
14,Chhattisgarh,Jashpur,89,0,7,9,16,73,350,1,41,52,94,256,0,0,0,0,0,0,439,1,48,61,110,329
15,Chhattisgarh,Kabirdham,125,2,5,8,15,110,374,2,31,58,91,283,0,0,0,0,0,0,499,4,36,66,106,393
16,Chhattisgarh,Kanker,103,2,3,3,8,95,339,2,3,61,66,273,0,0,0,0,0,0,442,4,6,64,74,368
17,Chhattisgarh,Kondagaon,62,0,4,5,9,53,220,1,21,31,53,167,0,0,0,0,0,0,282,1,25,36,62,220
18,Chhattisgarh,Korba,200,9,15,15,39,161,596,1,30,98,129,467,0,0,0,0,0,0,796,10,45,113,168,628
19,Chhattisgarh,Koriya,27,1,1,2,4,23,118,2,11,14,27,91,0,0,0,0,0,0,145,3,12,16,31,114
20,Chhattisgarh,Mahasamund,330,168,4,8,180,150,560,0,0,0,0,560,0,0,0,0,0,0,890,168,4,8,180,710
21,Chhattisgarh,Mungali,73,0,2,2,4,69,305,2,23,45,70,235,0,0,0,0,0,0,378,2,25,47,74,304
22,Chhattisgarh,Narayanpur,11,0,2,2,4,7,51,1,9,4,14,37,0,0,0,0,0,0,62,1,11,6,18,44
23,Chhattisgarh,Raigarh,256,3,14,11,28,228,607,2,54,95,151,456,0,0,0,0,0,0,863,5,68,106,179,684
24,Chhattisgarh,Raipur,840,5,27,71,103,737,1862,0,36,353,389,1473,0,0,0,0,0,0,2702,5,63,424,492,2210
25,Chhattisgarh,Rajnandgaon,186,0,4,4,8,178,518,0,28,71,99,419,0,0,0,0,0,0,704,0,32,75,107,597
26,Chhattisgarh,Sarguja,149,0,12,8,20,129,425,4,42,72,118,307,0,0,0,0,0,0,574,4,54,80,138,436
27,Chhattisgarh,Sukma,20,2,2,2,6,14,38,0,4,10,14,24,0,0,0,0,0,0,58,2,6,12,20,38
28,Chhattisgarh,Surajpur,83,2,4,3,9,74,256,3,28,34,65,191,0,0,0,0,0,0,339,5,32,37,74,265
29,Chhattisgarh,Gaurela-Pendra-Marwari,55,0,10,4,14,41,177,3,21,32,56,121,0,0,0,0,0,0,232,3,31,36,70,162
30,Chhattisgarh,Khairagarh - Chhuikhadan-Gandai,66,1,4,2,7,59,214,2,14,48,64,150,0,0,0,0,0,0,280,3,18,50,71,209
31,Chhattisgarh,Manendragarh-Chirmiri-Bharatpur,49,1,5,0,6,43,254,0,43,32,75,179,0,0,0,0,0,0,303,1,48,32,81,222
32,Chhattisgarh,Mohla-Manpur-Ambagarh Chouki,32,0,1,2,3,29,127,1,8,20,29,98,0,0,0,0,0,0,159,1,9,22,32,127
33,Chhattisgarh,Sakti,0,0,0,0,0,0,0,0,0,0,0,0,0,0,0,0,0,0,0,0,0,0,0,0
34,Chhattisgarh,Sarangarh-Bilaigarh,81,3,2,2,7,74,332,6,34,26,66,266,7,0,5,2,7,0,420,9,41,30,80,340
Total Districts,Total Districts,Total Districts,4367,233,205,229,667,3700,12311,43,855,1862,2760,9551,7,0,5,2,7,0,16685,276,1065,2093,3434,13251
1,Goa,North Goa,177,9,0,0,9,168,130,4,0,0,4,126,13,0,0,0,0,13,320,13,0,0,13,307
2,Goa,South Goa,152,6,1,0,7,145,153,5,0,1,6,147,1,0,0,0,0,1,306,11,1,1,13,293
3,Goa,CID,12,0,0,0,0,12,0,0,0,0,0,0,0,0,0,0,0,0,12,0,0,0,0,12
Total Districts,Total Districts,Total Districts,341,15,1,0,16,325,283,9,0,1,10,273,14,0,0,0,0,14,638,24,1,1,26,612
1,Gujarat,Ahmedabad City,1232,11,49,16,76,1156,2711,13,207,107,327,2384,0,0,0,0,0,0,3943,24,256,123,403,3540
2,Gujarat,Ahmedabad Rural,73,7,0,0,7,66,123,4,0,1,5,118,0,0,0,0,0,0,196,11,0,1,12,184
3,Gujarat,Amreli,28,0,0,0,0,28,78,0,0,0,0,78,0,0,0,0,0,0,106,0,0,0,0,106
4,Gujarat,Anand,134,0,0,0,0,134,302,0,0,0,0,302,0,0,0,0,0,0,436,0,0,0,0,436
5,Gujarat,Arvalli,127,4,10,0,14,113,158,1,7,6,14,144,0,0,0,0,0,0,285,5,17,6,28,257
6,Gujarat,Banaskantha,123,4,8,0,12,111,402,0,6,94,100,302,0,0,0,0,0,0,525,4,14,94,112,413
7,Gujarat,Bharuch,202,18,1,1,20,182,220,11,3,0,14,206,0,0,0,0,0,0,422,29,4,1,34,388
8,Gujarat,Bhavnagar,62,1,1,5,7,55,152,0,0,16,16,136,0,0,0,0,0,0,214,1,1,21,23,191
9,Gujarat,Botad,27,0,0,0,0,27,118,0,15,26,41,77,0,0,0,0,0,0,145,0,15,26,41,104
10,Gujarat,Chhotaudepur,21,2,0,0,2,19,29,2,1,0,3,26,0,0,0,0,0,0,50,4,1,0,5,45
11,Gujarat,CID Crime,0,0,0,0,0,0,0,0,0,0,0,0,0,0,0,0,0,0,0,0,0,0,0,0
12,Gujarat,Dahod,31,2,2,2,6,25,243,7,61,101,169,74,0,0,0,0,0,0,274,9,63,103,175,99
13,Gujarat,Dang,0,0,0,0,0,0,0,0,0,0,0,0,0,0,0,0,0,0,0,0,0,0,0,0
14,Gujarat,Devbhumi Dwarka,35,0,2,0,2,33,54,0,0,0,0,54,0,0,0,0,0,0,89,0,2,0,2,87
15,Gujarat,Gandhinagar,227,19,2,0,21,206,485,23,2,4,29,456,0,0,0,0,0,0,712,42,4,4,50,662
16,Gujarat,Gir Somnath,11,2,0,0,2,9,41,0,5,21,26,15,0,0,0,0,0,0,52,2,5,21,28,24
17,Gujarat,Jamnagar,81,1,5,12,18,63,113,0,2,4,6,107,0,0,0,0,0,0,194,1,7,16,24,170
18,Gujarat,Junagadh,31,2,0,0,2,29,35,2,0,0,2,33,0,0,0,0,0,0,66,4,0,0,4,62
19,Gujarat,Kachchh East(G),135,0,4,1,5,130,347,4,28,43,75,272,0,0,0,0,0,0,482,4,32,44,80,402
20,Gujarat,Kachchh West(B),144,2,6,4,12,132,306,4,22,28,54,252,0,0,0,0,0,0,450,6,28,32,66,384
21,Gujarat,Kheda,100,12,0,0,12,88,227,20,0,0,20,207,0,0,0,0,0,0,327,32,0,0,32,295
22,Gujarat,Mahisagar,27,5,1,1,7,20,62,2,1,59,62,0,0,0,0,0,0,0,89,7,2,60,69,20
23,Gujarat,Mehsana,140,2,0,0,2,138,411,1,0,0,1,410,0,0,0,0,0,0,551,3,0,0,3,548
24,Gujarat,Morbi,16,0,0,0,0,16,23,0,0,0,0,23,0,0,0,0,0,0,39,0,0,0,0,39
25,Gujarat,Narmada,15,1,0,0,1,14,31,1,0,0,1,30,0,0,0,0,0,0,46,2,0,0,2,44
26,Gujarat,Navsari,81,4,0,0,4,77,78,5,1,0,6,72,0,0,0,0,0,0,159,9,1,0,10,149
27,Gujarat,Panchmahal,57,6,0,0,6,51,96,9,0,0,9,87,0,0,0,0,0,0,153,15,0,0,15,138
28,Gujarat,Patan,83,0,0,0,0,83,347,0,0,0,0,347,0,0,0,0,0,0,430,0,0,0,0,430
29,Gujarat,Porbandar,12,4,0,0,4,8,29,2,1,1,4,25,0,0,0,0,0,0,41,6,1,1,8,33
30,Gujarat,Rajkot City,273,0,0,9,9,264,438,0,0,12,12,426,0,0,0,0,0,0,711,0,0,21,21,690
31,Gujarat,Rajkot Rural,101,3,2,0,5,96,406,1,26,37,64,342,0,0,0,0,0,0,507,4,28,37,69,438
32,Gujarat,Sabarkantha,74,2,0,0,2,72,212,4,0,0,4,208,0,0,0,0,0,0,286,6,0,0,6,280
33,Gujarat,Surat City,1119,213,23,34,270,849,1561,106,12,99,217,1344,0,0,0,0,0,0,2680,319,35,133,487,2193
34,Gujarat,Surat Rural,73,5,1,0,6,67,95,8,0,0,8,87,0,0,0,0,0,0,168,13,1,0,14,154
35,Gujarat,Surendranagar,24,1,0,0,1,23,40,3,0,0,3,37,0,0,0,0,0,0,64,4,0,0,4,60
36,Gujarat,Tapi,16,0,0,0,0,16,14,0,0,0,0,14,0,0,0,0,0,0,30,0,0,0,0,30
37,Gujarat,Vadodara City,260,0,0,1,1,259,334,0,0,0,0,334,0,0,0,0,0,0,594,0,0,1,1,593
38,Gujarat,Vadodara Rural,67,0,0,0,0,67,131,0,0,0,0,131,0,0,0,0,0,0,198,0,0,0,0,198
39,Gujarat,Valsad,88,10,3,2,15,73,134,8,1,1,10,124,0,0,0,0,0,0,222,18,4,3,25,197
40,Gujarat,W.Rly Ahmedabad,10,0,0,0,0,10,5,0,0,0,0,5,0,0,0,0,0,0,15,0,0,0,0,15
41,Gujarat,W.Rly Vadodara,10,0,0,0,0,10,15,0,1,3,4,11,0,0,0,0,0,0,25,0,1,3,4,21
42,Gujarat,Cyber Ahmedabad Range,0,0,0,0,0,0,0,0,0,0,0,0,0,0,0,0,0,0,0,0,0,0,0,0
43,Gujarat,Cyber Bhavnagar Range,0,0,0,0,0,0,0,0,0,0,0,0,0,0,0,0,0,0,0,0,0,0,0,0
44,Gujarat,Cyber Border Range,0,0,0,0,0,0,0,0,0,0,0,0,0,0,0,0,0,0,0,0,0,0,0,0
45,Gujarat,Cyber Gandhinagar Range,0,0,0,0,0,0,0,0,0,0,0,0,0,0,0,0,0,0,0,0,0,0,0,0
46,Gujarat,Cyber Junagadh Range,0,0,0,0,0,0,0,0,0,0,0,0,0,0,0,0,0,0,0,0,0,0,0,0
47,Gujarat,Cyber Panchmahal Range,0,0,0,0,0,0,0,0,0,0,0,0,0,0,0,0,0,0,0,0,0,0,0,0
48,Gujarat,Cyber Rajkot Range,0,0,0,0,0,0,0,0,0,0,0,0,0,0,0,0,0,0,0,0,0,0,0,0
49,Gujarat,Cyber Surat Range,0,0,0,0,0,0,0,0,0,0,0,0,0,0,0,0,0,0,0,0,0,0,0,0
50,Gujarat,Cyber Vadodara Range,0,0,0,0,0,0,0,0,0,0,0,0,0,0,0,0,0,0,0,0,0,0,0,0
Total Districts,Total Districts,Total Districts,5370,343,120,88,551,4819,10606,241,402,663,1306,9300,0,0,0,0,0,0,15976,584,522,751,1857,14119
1,Haryana,Ambala,213,3,2,7,12,201,254,2,0,2,4,250,0,0,0,0,0,0,467,5,2,9,16,451
2,Haryana,Bhiwani,173,3,18,8,29,144,60,2,10,18,30,30,0,0,0,0,0,0,233,5,28,26,59,174
3,Haryana,Faridabad,458,34,3,8,45,413,722,50,1,3,54,668,0,0,0,0,0,0,1180,84,4,11,99,1081
4,Haryana,Fatehabad,185,26,3,2,31,154,355,23,4,9,36,319,0,0,0,0,0,0,540,49,7,11,67,473
5,Haryana,GRP,21,1,1,1,3,18,17,4,0,0,4,13,0,0,0,0,0,0,38,5,1,1,7,31
6,Haryana,Gurugram,227,6,18,14,38,189,560,8,92,113,213,347,0,0,0,0,0,0,787,14,110,127,251,536
7,Haryana,Hissar,360,8,20,22,50,310,647,1,12,27,40,607,0,0,0,0,0,0,1007,9,32,49,90,917
8,Haryana,Jhajjar,179,15,6,12,33,146,388,12,1,17,30,358,0,0,0,0,0,0,567,27,7,29,63,504
9,Haryana,Jind,29,0,1,0,1,28,30,0,0,2,2,28,0,0,0,0,0,0,59,0,1,2,3,56
10,Haryana,Kaithal,187,24,10,5,39,148,267,15,8,11,34,233,0,0,0,0,0,0,454,39,18,16,73,381
11,Haryana,Karnal,520,4,18,36,58,462,766,8,27,36,71,695,0,0,0,0,0,0,1286,12,45,72,129,1157
12,Haryana,Kurukshetra,264,12,20,12,44,220,404,9,30,29,68,336,0,0,0,0,0,0,668,21,50,41,112,556
13,Haryana,Mahendergarh,133,15,13,11,39,94,296,17,1,7,25,271,0,0,0,0,0,0,429,32,14,18,64,365
14,Haryana,Nuh,67,7,11,1,19,48,93,5,1,2,8,85,0,0,0,0,0,0,160,12,12,3,27,133
15,Haryana,Palwal,195,16,20,19,55,140,287,9,8,13,30,257,0,0,0,0,0,0,482,25,28,32,85,397
16,Haryana,Panchkula,122,5,11,1,17,105,300,2,59,26,87,213,0,0,0,0,0,0,422,7,70,27,104,318
17,Haryana,Panipat,499,110,88,54,252,247,538,81,81,107,269,269,0,0,0,0,0,0,1037,191,169,161,521,516
18,Haryana,Rewari,185,24,12,18,54,131,340,16,19,23,58,282,0,0,0,0,0,0,525,40,31,41,112,413
19,Haryana,Rohtak,536,4,26,52,82,454,364,6,28,21,55,309,0,0,0,0,0,0,900,10,54,73,137,763
20,Haryana,Sirsa,192,2,7,10,19,173,569,5,32,81,118,451,0,0,0,0,0,0,761,7,39,91,137,624
21,Haryana,Sonipat,398,47,34,25,106,292,800,36,52,67,155,645,1,0,0,0,0,1,1199,83,86,92,261,938
22,Haryana,Yamunanagar,350,39,19,16,74,276,474,19,29,64,112,362,0,0,0,0,0,0,824,58,48,80,186,638
23,Haryana,Irrigation & Power,0,0,0,0,0,0,0,0,0,0,0,0,0,0,0,0,0,0,0,0,0,0,0,0
24,Haryana,Charkhi Dadri,66,0,3,10,13,53,111,0,0,0,0,111,0,0,0,0,0,0,177,0,3,10,13,164
25,Haryana,Hansi,85,0,8,3,11,74,203,2,7,4,13,190,0,0,0,0,0,0,288,2,15,7,24,264
Total Districts,Total Districts,Total Districts,5644,405,372,347,1124,4520,8845,332,502,682,1516,7329,1,0,0,0,0,1,14490,737,874,1029,2640,11850
1,Himachal Pradesh,Baddi,87,0,2,0,2,85,261,1,10,18,29,232,0,0,0,0,0,0,348,1,12,18,31,317
2,Himachal Pradesh,Bilaspur,61,1,1,4,6,55,145,0,3,18,21,124,0,0,0,0,0,0,206,1,4,22,27,179
3,Himachal Pradesh,Chamba,35,0,0,0,0,35,114,0,0,25,25,89,0,0,0,0,0,0,149,0,0,25,25,124
4,Himachal Pradesh,CID,0,0,0,0,0,0,0,0,0,0,0,0,0,0,0,0,0,0,0,0,0,0,0,0
5,Himachal Pradesh,GRP,0,0,0,0,0,0,0,0,0,0,0,0,0,0,0,0,0,0,0,0,0,0,0,0
6,Himachal Pradesh,Hamirpur,60,1,4,3,8,52,84,1,2,3,6,78,0,0,0,0,0,0,144,2,6,6,14,130
7,Himachal Pradesh,Kangra,162,0,5,3,8,154,288,2,15,10,27,261,0,0,0,0,0,0,450,2,20,13,35,415
8,Himachal Pradesh,Kinnaur,27,0,1,0,1,26,32,0,3,3,6,26,0,0,0,0,0,0,59,0,4,3,7,52
9,Himachal Pradesh,Kullu,67,0,2,1,3,64,72,0,5,9,14,58,0,0,0,0,0,0,139,0,7,10,17,122
10,Himachal Pradesh,Lahaul & Spiti,8,0,0,0,0,8,2,0,0,0,0,2,0,0,0,0,0,0,10,0,0,0,0,10
11,Himachal Pradesh,Mandi,100,0,9,4,13,87,278,1,12,30,43,235,0,0,0,0,0,0,378,1,21,34,56,322
12,Himachal Pradesh,Shimla,17,0,14,2,16,1,38,5,22,11,38,0,0,0,0,0,0,0,55,5,36,13,54,1
13,Himachal Pradesh,Sirmaur,58,0,4,1,5,53,135,5,3,10,18,117,0,0,0,0,0,0,193,5,7,11,23,170
14,Himachal Pradesh,Solan,72,0,7,4,11,61,126,0,20,21,41,85,0,0,0,0,0,0,198,0,27,25,52,146
15,Himachal Pradesh,Una,18,0,2,0,2,16,34,0,10,18,28,6,0,0,0,0,0,0,52,0,12,18,30,22
16,Himachal Pradesh,Cyber,0,0,0,0,0,0,0,0,0,0,0,0,0,0,0,0,0,0,0,0,0,0,0,0
Total Districts,Total Districts,Total Districts,772,2,51,22,75,697,1609,15,105,176,296,1313,0,0,0,0,0,0,2381,17,156,198,371,2010
1,Jharkhand,Bokaro,5,0,0,0,0,5,26,6,8,12,26,0,0,0,0,0,0,0,31,6,8,12,26,5
2,Jharkhand,Chaibasa,41,1,17,0,18,23,63,0,19,2,21,42,0,0,0,0,0,0,104,1,36,2,39,65
3,Jharkhand,Chatra,37,3,2,4,9,28,64,3,2,2,7,57,0,0,0,0,0,0,101,6,4,6,16,85
4,Jharkhand,Deoghar,10,1,8,1,10,0,3,0,0,3,3,0,0,0,0,0,0,0,13,1,8,4,13,0
5,Jharkhand,Dhanbad,0,0,0,0,0,0,0,0,0,0,0,0,0,0,0,0,0,0,0,0,0,0,0,0
6,Jharkhand,Dhanbad Railway,2,0,0,0,0,2,6,2,0,0,2,4,0,0,0,0,0,0,8,2,0,0,2,6
7,Jharkhand,Dumka,0,0,0,0,0,0,17,0,4,0,4,13,0,0,0,0,0,0,17,0,4,0,4,13
8,Jharkhand,Garhwa,0,0,0,0,0,0,0,0,0,0,0,0,0,0,0,0,0,0,0,0,0,0,0,0
9,Jharkhand,Giridih,40,0,10,0,10,30,66,0,16,0,16,50,0,0,0,0,0,0,106,0,26,0,26,80
10,Jharkhand,Godda,22,0,0,8,8,14,32,0,0,3,3,29,0,0,0,0,0,0,54,0,0,11,11,43
11,Jharkhand,Gumla,45,0,8,6,14,31,91,12,11,15,38,53,0,0,0,0,0,0,136,12,19,21,52,84
12,Jharkhand,Hazaribagh,47,10,3,2,15,32,76,5,5,5,15,61,0,0,0,0,0,0,123,15,8,7,30,93
13,Jharkhand,Jamshedpur,57,3,6,5,14,43,47,2,3,2,7,40,0,0,0,0,0,0,104,5,9,7,21,83
14,Jharkhand,Jamshedpur Railway,6,1,0,0,1,5,2,0,0,0,0,2,0,0,0,0,0,0,8,1,0,0,1,7
15,Jharkhand,Jamtara,22,0,0,6,6,16,38,0,0,4,4,34,0,0,0,0,0,0,60,0,0,10,10,50
16,Jharkhand,Khunti,1,0,1,0,1,0,11,0,11,0,11,0,0,0,0,0,0,0,12,0,12,0,12,0
17,Jharkhand,Koderma,9,0,2,2,4,5,10,0,1,2,3,7,0,0,0,0,0,0,19,0,3,4,7,12
18,Jharkhand,Latehar,28,1,7,1,9,19,25,2,14,4,20,5,0,0,0,0,0,0,53,3,21,5,29,24
19,Jharkhand,Lohardagga,40,4,6,4,14,26,107,4,17,26,47,60,0,0,0,0,0,0,147,8,23,30,61,86
20,Jharkhand,Pakur,4,1,0,0,1,3,2,0,0,0,0,2,0,0,0,0,0,0,6,1,0,0,1,5
21,Jharkhand,Palamu,5,2,2,1,5,0,7,0,2,3,5,2,0,0,0,0,0,0,12,2,4,4,10,2
22,Jharkhand,Ramgarh,0,0,0,0,0,0,0,0,0,0,0,0,0,0,0,0,0,0,0,0,0,0,0,0
23,Jharkhand,Ranchi,57,0,15,0,15,42,81,0,14,0,14,67,0,0,0,0,0,0,138,0,29,0,29,109
24,Jharkhand,Sahebganj,6,0,1,2,3,3,8,0,3,1,4,4,0,0,0,0,0,0,14,0,4,3,7,7
25,Jharkhand,Saraikela,0,0,0,0,0,0,0,0,0,0,0,0,0,0,0,0,0,0,0,0,0,0,0,0
26,Jharkhand,Simdega,0,0,0,0,0,0,0,0,0,0,0,0,0,0,0,0,0,0,0,0,0,0,0,0
Total Districts,Total Districts,Total Districts,484,27,88,42,157,327,782,36,130,84,250,532,0,0,0,0,0,0,1266,63,218,126,407,859
1,Karnataka,Bagalkot,105,11,2,0,13,92,184,10,3,0,13,171,0,0,0,0,0,0,289,21,5,0,26,263
2,Karnataka,Bengaluru City,2009,95,11,1,107,1902,2843,103,6,5,114,2729,0,0,0,0,0,0,4852,198,17,6,221,4631
3,Karnataka,Bengaluru District,363,22,2,0,24,339,677,33,1,1,35,642,0,0,0,0,0,0,1040,55,3,1,59,981
4,Karnataka,Belagavi District,197,27,0,1,28,169,435,26,4,0,30,405,0,0,0,0,0,0,632,53,4,1,58,574
5,Karnataka,Ballari,121,7,1,2,10,111,123,12,1,0,13,110,0,0,0,0,0,0,244,19,2,2,23,221
6,Karnataka,Bidar,71,9,0,0,9,62,108,3,0,6,9,99,0,0,0,0,0,0,179,12,0,6,18,161
7,Karnataka,Vijayapura,139,18,2,0,20,119,258,11,0,0,11,247,0,0,0,0,0,0,397,29,2,0,31,366
8,Karnataka,Chikkaballapura,133,10,2,0,12,121,404,9,1,0,10,394,0,0,0,0,0,0,537,19,3,0,22,515
9,Karnataka,Chamarajnagar,101,0,5,8,13,88,176,0,2,10,12,164,0,0,0,0,0,0,277,0,7,18,25,252
10,Karnataka,Chikkamagaluru,152,2,0,12,14,138,297,3,0,17,20,277,0,0,0,0,0,0,449,5,0,29,34,415
11,Karnataka,Chitradurga,174,9,7,0,16,158,505,9,3,0,12,493,0,0,0,0,0,0,679,18,10,0,28,651
12,Karnataka,Dakshina Kannada,90,10,0,0,10,80,87,5,0,1,6,81,0,0,0,0,0,0,177,15,0,1,16,161
13,Karnataka,Davanagere,248,11,2,0,13,235,468,17,2,0,19,449,0,0,0,0,0,0,716,28,4,0,32,684
14,Karnataka,Dharwad,81,4,0,0,4,77,94,4,1,0,5,89,0,0,0,0,0,0,175,8,1,0,9,166
15,Karnataka,Gadag,69,7,0,0,7,62,141,6,0,0,6,135,0,0,0,0,0,0,210,13,0,0,13,197
16,Karnataka,Kalaburgi,57,10,0,0,10,47,122,7,0,0,7,115,0,0,0,0,0,0,179,17,0,0,17,162
17,Karnataka,Hassan,127,1,0,0,1,126,253,6,3,0,9,244,0,0,0,0,0,0,380,7,3,0,10,370
18,Karnataka,Haveri,107,3,4,0,7,100,281,9,8,0,17,264,0,0,0,0,0,0,388,12,12,0,24,364
19,Karnataka,Hubballi Dharwad City,131,6,1,0,7,124,190,10,0,0,10,180,0,0,0,0,0,0,321,16,1,0,17,304
20,Karnataka,K.G.F.,53,5,4,0,9,44,173,7,2,0,9,164,0,0,0,0,0,0,226,12,6,0,18,208
21,Karnataka,Kodagu,60,0,2,4,6,54,95,0,4,3,7,88,0,0,0,0,0,0,155,0,6,7,13,142
22,Karnataka,Kolar,164,20,1,0,21,143,390,11,0,1,12,378,0,0,0,0,0,0,554,31,1,1,33,521
23,Karnataka,Koppal,76,10,0,0,10,66,182,8,0,0,8,174,0,0,0,0,0,0,258,18,0,0,18,240
24,Karnataka,Mandya,256,10,4,8,22,234,497,16,6,8,30,467,0,0,0,0,0,0,753,26,10,16,52,701
25,Karnataka,Mangaluru City,98,10,0,0,10,88,86,1,0,0,1,85,0,0,0,0,0,0,184,11,0,0,11,173
26,Karnataka,Mysuru City,202,9,0,0,9,193,254,9,2,0,11,243,0,0,0,0,0,0,456,18,2,0,20,436
27,Karnataka,Mysuru District,279,0,10,15,25,254,468,8,6,8,22,446,0,0,0,0,0,0,747,8,16,23,47,700
28,Karnataka,Raichur,88,7,1,1,9,79,166,3,0,0,3,163,0,0,0,0,0,0,254,10,1,1,12,242
29,Karnataka,K.Railways,11,0,0,0,0,11,9,0,0,0,0,9,0,0,0,0,0,0,20,0,0,0,0,20
30,Karnataka,Ramanagara,277,13,2,0,15,262,444,17,2,0,19,425,0,0,0,0,0,0,721,30,4,0,34,687
31,Karnataka,Shimoga,305,21,1,0,22,283,566,21,3,0,24,542,0,0,0,0,0,0,871,42,4,0,46,825
32,Karnataka,Tumakuru,213,27,0,1,28,185,515,14,2,0,16,499,0,0,0,0,0,0,728,41,2,1,44,684
33,Karnataka,Udupi,122,0,1,2,3,119,131,5,0,0,5,126,0,0,0,0,0,0,253,5,1,2,8,245
34,Karnataka,Uttara Kannada,149,11,2,0,13,136,221,14,2,0,16,205,0,0,0,0,0,0,370,25,4,0,29,341
35,Karnataka,Yadgiri,27,0,0,0,0,27,61,0,0,0,0,61,0,0,0,0,0,0,88,0,0,0,0,88
36,Karnataka,Belagavi City,86,2,0,0,2,84,136,3,0,1,4,132,0,0,0,0,0,0,222,5,0,1,6,216
37,Karnataka,Kalaburgi City,61,5,0,0,5,56,104,9,0,0,9,95,0,0,0,0,0,0,165,14,0,0,14,151
38,Karnataka,Vijayanagara,88,0,7,1,8,80,138,7,7,0,14,124,0,0,0,0,0,0,226,7,14,1,22,204
Total Districts,Total Districts,Total Districts,7090,412,74,56,542,6548,12282,436,71,61,568,11714,0,0,0,0,0,0,19372,848,145,117,1110,18262
1,Kerala,All Districts,233,15,21,14,50,183,375,16,22,32,70,305,0,0,0,0,0,0,608,31,43,46,120,488
2,Kerala,Alapuzha,284,5,15,31,51,233,515,9,13,40,62,453,0,0,0,0,0,0,799,14,28,71,113,686
3,Kerala,Ernakulam Commr.,193,4,10,11,25,168,233,6,7,14,27,206,0,0,0,0,0,0,426,10,17,25,52,374
4,Kerala,Ernakulam Rural,263,7,14,11,32,231,401,15,14,29,58,343,0,0,0,0,0,0,664,22,28,40,90,574
5,Kerala,Idukki,193,15,15,9,39,154,286,5,7,43,55,231,0,0,0,0,0,0,479,20,22,52,94,385
6,Kerala,Kannur City,96,8,6,10,24,72,123,8,2,16,26,97,0,0,0,0,0,0,219,16,8,26,50,169
7,Kerala,Kasargod,143,16,6,9,31,112,186,8,7,11,26,160,0,0,0,0,0,0,329,24,13,20,57,272
8,Kerala,Kollam Commr.,247,21,14,32,67,180,470,21,11,33,65,405,0,0,0,0,0,0,717,42,25,65,132,585
9,Kerala,Kollam Rural,140,14,11,7,32,108,331,8,8,11,27,304,0,0,0,0,0,0,471,22,19,18,59,412
10,Kerala,Kottayam,294,5,17,16,38,256,352,7,22,26,55,297,0,0,0,0,0,0,646,12,39,42,93,553
11,Kerala,Kozhikode Commr.,230,10,27,25,62,168,222,7,12,25,44,178,0,0,0,0,0,0,452,17,39,50,106,346
12,Kerala,Kozhikode Rural,240,13,23,18,54,186,385,17,9,19,45,340,0,0,0,0,0,0,625,30,32,37,99,526
13,Kerala,Malappuram,262,25,36,24,85,177,344,26,10,33,69,275,0,0,0,0,0,0,606,51,46,57,154,452
14,Kerala,Palakkad,249,8,16,32,56,193,394,11,24,35,70,324,0,0,0,0,0,0,643,19,40,67,126,517
15,Kerala,Pathanamthitta,156,17,19,2,38,118,382,12,11,17,40,342,0,0,0,0,0,0,538,29,30,19,78,460
16,Kerala,Railways,18,0,0,2,2,16,4,0,0,0,0,4,0,0,0,0,0,0,22,0,0,2,2,20
17,Kerala,Thrissur Rural,234,7,12,5,24,210,289,13,9,14,36,253,0,0,0,0,0,0,523,20,21,19,60,463
18,Kerala,Trivandrum Commr.,167,6,5,10,21,146,263,4,11,19,34,229,0,0,0,0,0,0,430,10,16,29,55,375
19,Kerala,Trivandrum Rural,342,21,15,27,63,279,677,28,15,61,104,573,0,0,0,0,0,0,1019,49,30,88,167,852
20,Kerala,Wayanadu,121,0,9,10,19,102,162,3,8,23,34,128,0,0,0,0,0,0,283,3,17,33,53,230
21,Kerala,Crime Branch,0,0,0,0,0,0,0,0,0,0,0,0,0,0,0,0,0,0,0,0,0,0,0,0
22,Kerala,Kannur Rural,88,12,3,6,21,67,131,12,2,5,19,112,0,0,0,0,0,0,219,24,5,11,40,179
Total Districts,Total Districts,Total Districts,4193,229,294,311,834,3359,6525,236,224,506,966,5559,0,0,0,0,0,0,10718,465,518,817,1800,8918
1,Madhya Pradesh,Agar,88,0,4,5,9,79,219,0,14,24,38,181,0,0,0,0,0,0,307,0,18,29,47,260
2,Madhya Pradesh,Alirajpur,44,0,1,2,3,41,382,0,33,31,64,318,0,0,0,0,0,0,426,0,34,33,67,359
3,Madhya Pradesh,Anuppur,171,8,15,12,35,136,486,1,52,84,137,349,0,0,0,0,0,0,657,9,67,96,172,485
4,Madhya Pradesh,Ashok Nagar,171,6,9,19,34,137,386,1,20,67,88,298,0,0,0,0,0,0,557,7,29,86,122,435
5,Madhya Pradesh,Balaghat,344,7,5,11,23,321,1064,8,59,148,215,849,0,0,0,0,0,0,1408,15,64,159,238,1170
6,Madhya Pradesh,Barwani,159,3,3,4,10,149,674,2,22,133,157,517,0,0,0,0,0,0,833,5,25,137,167,666
7,Madhya Pradesh,Betul,295,13,7,9,29,266,1005,9,53,107,169,836,0,0,0,0,0,0,1300,22,60,116,198,1102
8,Madhya Pradesh,Bhind,29,4,16,9,29,0,95,2,56,37,95,0,0,0,0,0,0,0,124,6,72,46,124,0
9,Madhya Pradesh,Bhopal Commissionarate,172,17,85,66,168,4,401,28,136,229,393,8,0,0,0,0,0,0,573,45,221,295,561,12
10,Madhya Pradesh,Bhopal Railway,49,0,3,0,3,46,44,1,5,0,6,38,0,0,0,0,0,0,93,1,8,0,9,84
11,Madhya Pradesh,Burhanpur,157,11,8,3,22,135,323,11,39,39,89,234,0,0,0,0,0,0,480,22,47,42,111,369
12,Madhya Pradesh,Chhatarpur,331,3,37,20,60,271,758,0,71,123,194,564,0,0,0,0,0,0,1089,3,108,143,254,835
13,Madhya Pradesh,Chhindwara,422,2,7,6,15,407,1193,1,58,16,75,1118,0,0,0,0,0,0,1615,3,65,22,90,1525
14,Madhya Pradesh,Damoh,31,3,21,7,31,0,143,6,75,62,143,0,0,0,0,0,0,0,174,9,96,69,174,0
15,Madhya Pradesh,Datia,139,4,12,2,18,121,270,3,33,25,61,209,0,0,0,0,0,0,409,7,45,27,79,330
16,Madhya Pradesh,Dewas,0,0,0,0,0,0,0,0,0,0,0,0,0,0,0,0,0,0,0,0,0,0,0,0
17,Madhya Pradesh,Dhar,405,7,26,15,48,357,1811,12,227,275,514,1297,0,0,0,0,0,0,2216,19,253,290,562,1654
18,Madhya Pradesh,Dindori,73,1,5,5,11,62,383,0,31,74,105,278,0,0,0,0,0,0,456,1,36,79,116,340
19,Madhya Pradesh,Guna,250,1,3,15,19,231,421,2,44,64,110,311,0,0,0,0,0,0,671,3,47,79,129,542
20,Madhya Pradesh,Gwalior,805,9,53,51,113,692,1236,7,91,167,265,971,0,0,0,0,0,0,2041,16,144,218,378,1663
21,Madhya Pradesh,Harda,162,3,4,3,10,152,561,1,57,76,134,427,0,0,0,0,0,0,723,4,61,79,144,579
22,Madhya Pradesh,Narmadapuram,369,8,18,65,91,278,391,10,24,45,79,312,0,0,0,0,0,0,760,18,42,110,170,590
23,Madhya Pradesh,Indore Commissionarate,1460,21,84,61,166,1294,2557,22,252,352,626,1931,0,0,0,0,0,0,4017,43,336,413,792,3225
24,Madhya Pradesh,Indore Railway,17,4,0,0,4,13,32,4,1,0,5,27,0,0,0,0,0,0,49,8,1,0,9,40
25,Madhya Pradesh,Jabalpur,1086,26,42,83,151,935,1976,5,82,374,461,1515,0,0,0,0,0,0,3062,31,124,457,612,2450
26,Madhya Pradesh,Jabalpur Railway,32,1,0,1,2,30,34,0,1,2,3,31,0,0,0,0,0,0,66,1,1,3,5,61
27,Madhya Pradesh,Jhabua,110,5,2,1,8,102,674,10,61,114,185,489,0,0,0,0,0,0,784,15,63,115,193,591
28,Madhya Pradesh,Katni,357,5,31,24,60,297,801,2,69,140,211,590,0,0,0,0,0,0,1158,7,100,164,271,887
29,Madhya Pradesh,Khandwa,294,4,8,12,24,270,1029,13,44,154,211,818,0,0,0,0,0,0,1323,17,52,166,235,1088
30,Madhya Pradesh,Khargone,341,28,17,9,54,287,1211,37,121,151,309,902,0,0,0,0,0,0,1552,65,138,160,363,1189
31,Madhya Pradesh,Mandla,190,1,4,10,15,175,647,1,63,108,172,475,0,0,0,0,0,0,837,2,67,118,187,650
32,Madhya Pradesh,Mandsaur,28,0,10,18,28,0,134,1,39,92,132,2,0,0,0,0,0,0,162,1,49,110,160,2
33,Madhya Pradesh,Morena,306,7,30,30,67,239,423,7,36,73,116,307,0,0,0,0,0,0,729,14,66,103,183,546
34,Madhya Pradesh,Narsinghpur,349,0,0,0,0,349,563,0,0,0,0,563,0,0,0,0,0,0,912,0,0,0,0,912
35,Madhya Pradesh,Neemuch,185,0,12,0,12,173,521,0,44,44,88,433,0,0,0,0,0,0,706,0,56,44,100,606
36,Madhya Pradesh,Panna,198,6,12,17,35,163,482,4,57,91,152,330,0,0,0,0,0,0,680,10,69,108,187,493
37,Madhya Pradesh,Raisen,398,6,25,29,60,338,753,0,21,198,219,534,0,0,0,0,0,0,1151,6,46,227,279,872
38,Madhya Pradesh,Rajgarh,0,0,0,0,0,0,0,0,0,0,0,0,0,0,0,0,0,0,0,0,0,0,0,0
39,Madhya Pradesh,Ratlam,398,3,28,6,37,361,1260,8,192,109,309,951,0,0,0,0,0,0,1658,11,220,115,346,1312
40,Madhya Pradesh,Rewa,144,16,45,73,134,10,377,7,101,269,377,0,0,0,0,0,0,0,521,23,146,342,511,10
41,Madhya Pradesh,Sagar,855,19,60,14,93,762,1595,31,244,108,383,1212,0,0,0,0,0,0,2450,50,304,122,476,1974
42,Madhya Pradesh,Satna,558,19,54,51,124,434,1220,79,91,135,305,915,0,0,0,0,0,0,1778,98,145,186,429,1349
43,Madhya Pradesh,Seoni,323,12,10,10,32,291,867,11,48,133,192,675,0,0,0,0,0,0,1190,23,58,143,224,966
44,Madhya Pradesh,Shahdol,308,8,27,19,54,254,619,4,77,91,172,447,0,0,0,0,0,0,927,12,104,110,226,701
45,Madhya Pradesh,Shajapur,137,2,10,10,22,115,410,1,22,50,73,337,0,0,0,0,0,0,547,3,32,60,95,452
46,Madhya Pradesh,Sheopur,65,3,7,2,12,53,157,0,12,16,28,129,0,0,0,0,0,0,222,3,19,18,40,182
47,Madhya Pradesh,Shivpuri,279,13,27,19,59,220,668,5,59,113,177,491,0,0,0,0,0,0,947,18,86,132,236,711
48,Madhya Pradesh,Sidhi,0,0,0,0,0,0,0,0,0,0,0,0,0,0,0,0,0,0,0,0,0,0,0,0
49,Madhya Pradesh,Sehore,315,6,16,8,30,285,754,9,68,74,151,603,0,0,0,0,0,0,1069,15,84,82,181,888
50,Madhya Pradesh,Singrauli,152,2,16,8,26,126,408,4,36,88,128,280,0,0,0,0,0,0,560,6,52,96,154,406
51,Madhya Pradesh,Tikamgarh,77,2,12,2,16,61,252,2,56,58,116,136,0,0,0,0,0,0,329,4,68,60,132,197
52,Madhya Pradesh,Ujjain,448,12,5,42,59,389,934,20,21,90,131,803,0,0,0,0,0,0,1382,32,26,132,190,1192
53,Madhya Pradesh,Umaria,19,1,9,9,19,0,52,2,35,11,48,4,0,0,0,0,0,0,71,3,44,20,67,4
54,Madhya Pradesh,Vidisha,463,11,20,27,58,405,828,20,89,98,207,621,0,0,0,0,0,0,1291,31,109,125,265,1026
55,Madhya Pradesh,Cyber Crime Cell,0,0,0,0,0,0,0,0,0,0,0,0,0,0,0,0,0,0,0,0,0,0,0,0
56,Madhya Pradesh,Niwari,53,1,2,3,6,47,141,1,9,20,30,111,0,0,0,0,0,0,194,2,11,23,36,158
57,Madhya Pradesh,Bhopal Rural,17,0,3,13,16,1,102,0,11,40,51,51,0,0,0,0,0,0,119,0,14,53,67,52
58,Madhya Pradesh,Indore Rural,290,1,14,7,22,268,699,1,80,86,167,532,0,0,0,0,0,0,989,2,94,93,189,800
Total Districts,Total Districts,Total Districts,14918,355,984,947,2286,12632,35426,416,3342,5308,9066,26360,0,0,0,0,0,0,50344,771,4326,6255,11352,38992
1,Maharashtra,Ahmednagar,1139,0,0,86,86,1053,1770,0,0,104,104,1666,0,0,0,0,0,0,2909,0,0,190,190,2719
2,Maharashtra,Akola,381,0,0,0,0,381,553,0,0,0,0,553,0,0,0,0,0,0,934,0,0,0,0,934
3,Maharashtra,Amravati Commr.,335,0,0,0,0,335,450,0,0,0,0,450,0,0,0,0,0,0,785,0,0,0,0,785
4,Maharashtra,Amravati Rural,414,8,2,0,10,404,798,16,0,0,16,782,0,0,0,0,0,0,1212,24,2,0,26,1186
5,Maharashtra,Aurangabad Commr.,754,7,12,14,33,721,836,9,6,21,36,800,0,0,0,0,0,0,1590,16,18,35,69,1521
6,Maharashtra,Aurangabad Rural,428,0,0,0,0,428,484,0,0,0,0,484,0,0,0,0,0,0,912,0,0,0,0,912
7,Maharashtra,Beed,418,2,7,18,27,391,619,5,29,60,94,525,0,0,0,0,0,0,1037,7,36,78,121,916
8,Maharashtra,Bhandara,247,0,0,0,0,247,475,0,0,0,0,475,0,0,0,0,0,0,722,0,0,0,0,722
9,Maharashtra,Buldhana,493,53,5,1,59,434,703,50,4,1,55,648,0,0,0,0,0,0,1196,103,9,2,114,1082
10,Maharashtra,Chandrapur,620,0,0,0,0,620,997,0,0,0,0,997,0,0,0,0,0,0,1617,0,0,0,0,1617
11,Maharashtra,Dhule,381,0,0,0,0,381,596,0,0,0,0,596,0,0,0,0,0,0,977,0,0,0,0,977
12,Maharashtra,Gadchiroli,171,7,6,3,16,155,356,7,3,24,34,322,0,0,0,0,0,0,527,14,9,27,50,477
13,Maharashtra,Gondia,222,0,0,0,0,222,399,0,0,0,0,399,0,0,0,0,0,0,621,0,0,0,0,621
14,Maharashtra,Hingoli,186,0,0,0,0,186,175,0,0,0,0,175,0,0,0,0,0,0,361,0,0,0,0,361
15,Maharashtra,Jalgaon,873,31,41,20,92,781,1333,34,42,15,91,1242,0,0,0,0,0,0,2206,65,83,35,183,2023
16,Maharashtra,Jalna,264,0,0,0,0,264,50,0,0,0,0,50,0,0,0,0,0,0,314,0,0,0,0,314
17,Maharashtra,Kolhapur,811,39,6,2,47,764,1502,43,6,1,50,1452,0,0,0,0,0,0,2313,82,12,3,97,2216
18,Maharashtra,Latur,303,0,0,0,0,303,455,0,0,0,0,455,0,0,0,0,0,0,758,0,0,0,0,758
19,Maharashtra,Mumbai Commr.,4350,140,19,13,172,4178,4614,146,21,10,177,4437,0,0,0,0,0,0,8964,286,40,23,349,8615
20,Maharashtra,Mumbai Railway,91,4,1,0,5,86,64,5,0,0,5,59,0,0,0,0,0,0,155,9,1,0,10,145
21,Maharashtra,Nagpur Commr.,1524,1,0,0,1,1523,1548,2,0,0,2,1546,0,0,0,0,0,0,3072,3,0,0,3,3069
22,Maharashtra,Nagpur Railway,20,0,0,0,0,20,14,0,0,0,0,14,0,0,0,0,0,0,34,0,0,0,0,34
23,Maharashtra,Nagpur Rural,463,0,0,0,0,463,843,0,0,0,0,843,0,0,0,0,0,0,1306,0,0,0,0,1306
24,Maharashtra,Nanded,549,39,2,0,41,508,572,35,2,0,37,535,0,0,0,0,0,0,1121,74,4,0,78,1043
25,Maharashtra,Nandurbar,181,6,3,2,11,170,335,5,9,1,15,320,0,0,0,0,0,0,516,11,12,3,26,490
26,Maharashtra,Nasik Commr.,603,24,10,2,36,567,881,17,11,2,30,851,0,0,0,0,0,0,1484,41,21,4,66,1418
27,Maharashtra,Nasik Rural,915,2,0,3,5,910,1330,1,2,3,6,1324,0,0,0,0,0,0,2245,3,2,6,11,2234
28,Maharashtra,Navi Mumbai,858,65,0,0,65,793,953,41,0,0,41,912,0,0,0,0,0,0,1811,106,0,0,106,1705
29,Maharashtra,Osmanabad,235,11,20,0,31,204,376,15,9,0,24,352,0,0,0,0,0,0,611,26,29,0,55,556
30,Maharashtra,Palghar,227,5,0,0,5,222,420,4,0,0,4,416,0,0,0,0,0,0,647,9,0,0,9,638
31,Maharashtra,Parbhani,226,0,0,0,0,226,270,0,0,0,0,270,0,0,0,0,0,0,496,0,0,0,0,496
32,Maharashtra,Pune Commr.,1420,7,27,23,57,1363,1550,6,29,33,68,1482,0,0,0,0,0,0,2970,13,56,56,125,2845
33,Maharashtra,Pune Railway,19,2,0,0,2,17,10,0,0,0,0,10,0,0,0,0,0,0,29,2,0,0,2,27
34,Maharashtra,Pune Rural,1149,69,42,13,124,1025,1694,59,49,37,145,1549,0,0,0,0,0,0,2843,128,91,50,269,2574
35,Maharashtra,Raigad,242,2,0,0,2,240,309,7,2,0,9,300,0,0,0,0,0,0,551,9,2,0,11,540
36,Maharashtra,Ratnagiri,241,0,0,0,0,241,258,0,0,0,0,258,0,0,0,0,0,0,499,0,0,0,0,499
37,Maharashtra,Sangli,722,33,4,1,38,684,1121,40,1,0,41,1080,0,0,0,0,0,0,1843,73,5,1,79,1764
38,Maharashtra,Satara,614,56,5,1,62,552,1191,50,8,0,58,1133,0,0,0,0,0,0,1805,106,13,1,120,1685
39,Maharashtra,Sindhudurg,86,4,0,0,4,82,129,4,1,0,5,124,0,0,0,0,0,0,215,8,1,0,9,206
40,Maharashtra,Solapur Commr.,342,2,4,2,8,334,429,1,3,3,7,422,0,0,0,0,0,0,771,3,7,5,15,756
41,Maharashtra,Solapur Rural,677,0,0,0,0,677,1073,0,0,0,0,1073,0,0,0,0,0,0,1750,0,0,0,0,1750
42,Maharashtra,Thane Commr.,2293,126,46,8,180,2113,2646,122,43,19,184,2462,0,0,0,0,0,0,4939,248,89,27,364,4575
43,Maharashtra,Thane Rural,316,28,3,0,31,285,428,29,6,1,36,392,0,0,0,0,0,0,744,57,9,1,67,677
44,Maharashtra,Wardha,458,0,0,0,0,458,673,0,0,0,0,673,0,0,0,0,0,0,1131,0,0,0,0,1131
45,Maharashtra,Washim,231,0,0,0,0,231,290,0,0,0,0,290,0,0,0,0,0,0,521,0,0,0,0,521
46,Maharashtra,Yavatmal,430,0,0,0,0,430,759,0,0,0,0,759,0,0,0,0,0,0,1189,0,0,0,0,1189
47,Maharashtra,Pimpri Chinchwad City,1309,15,9,79,103,1206,1741,1,3,123,127,1614,0,0,0,0,0,0,3050,16,12,202,230,2820
48,Maharashtra,Aurangabad Railway,32,0,0,0,0,32,19,0,0,0,0,19,0,0,0,0,0,0,51,0,0,0,0,51
49,Maharashtra,Mira Bhayandar Vasai Virar Commr.,1092,31,3,61,95,997,1310,42,7,71,120,1190,0,0,0,0,0,0,2402,73,10,132,215,2187
Total Districts,Total Districts,Total Districts,30355,819,277,352,1448,28907,40401,796,296,529,1621,38780,0,0,0,0,0,0,70756,1615,573,881,3069,67687
1,Manipur,Bishnupur,14,0,2,0,2,12,25,0,0,1,1,24,0,0,0,0,0,0,39,0,2,1,3,36
2,Manipur,Chandel,0,0,0,0,0,0,0,0,0,0,0,0,0,0,0,0,0,0,0,0,0,0,0,0
3,Manipur,Churachandpur,0,0,0,0,0,0,0,0,0,0,0,0,0,0,0,0,0,0,0,0,0,0,0,0
4,Manipur,CID,0,0,0,0,0,0,0,0,0,0,0,0,0,0,0,0,0,0,0,0,0,0,0,0
5,Manipur,Imphal East,41,0,5,5,10,31,39,0,2,3,5,34,0,0,0,0,0,0,80,0,7,8,15,65
6,Manipur,Imphal West,23,1,1,2,4,19,23,2,2,6,10,13,0,0,0,0,0,0,46,3,3,8,14,32
7,Manipur,Senapati,0,0,0,0,0,0,0,0,0,0,0,0,0,0,0,0,0,0,0,0,0,0,0,0
8,Manipur,Tamenglong,0,0,0,0,0,0,0,0,0,0,0,0,0,0,0,0,0,0,0,0,0,0,0,0
9,Manipur,Thoubal,13,0,0,2,2,11,19,1,6,1,8,11,0,0,0,0,0,0,32,1,6,3,10,22
10,Manipur,Ukhrul,0,0,0,0,0,0,0,0,0,0,0,0,0,0,0,0,0,0,0,0,0,0,0,0
11,Manipur,Kakching,25,0,1,10,11,14,36,2,2,1,5,31,0,0,0,0,0,0,61,2,3,11,16,45
12,Manipur,Kamjong,0,0,0,0,0,0,0,0,0,0,0,0,0,0,0,0,0,0,0,0,0,0,0,0
13,Manipur,Kangpokpi,0,0,0,0,0,0,0,0,0,0,0,0,0,0,0,0,0,0,0,0,0,0,0,0
14,Manipur,Jiribam,8,0,0,0,0,8,9,0,2,0,2,7,0,0,0,0,0,0,17,0,2,0,2,15
15,Manipur,Noney,0,0,0,0,0,0,0,0,0,0,0,0,0,0,0,0,0,0,0,0,0,0,0,0
16,Manipur,Pherzawl,0,0,0,0,0,0,0,0,0,0,0,0,0,0,0,0,0,0,0,0,0,0,0,0
17,Manipur,Tengnoupal,0,0,0,0,0,0,0,0,0,0,0,0,0,0,0,0,0,0,0,0,0,0,0,0
18,Manipur,Narcotic,0,0,0,0,0,0,0,0,0,0,0,0,0,0,0,0,0,0,0,0,0,0,0,0
Total Districts,Total Districts,Total Districts,124,1,9,19,29,95,151,5,14,12,31,120,0,0,0,0,0,0,275,6,23,31,60,215
1,Meghalaya,Garo Hills East,0,0,0,0,0,0,1,0,0,1,1,0,1,0,0,0,0,1,2,0,0,1,1,1
2,Meghalaya,Garo Hills North,0,0,0,0,0,0,0,0,0,0,0,0,0,0,0,0,0,0,0,0,0,0,0,0
3,Meghalaya,Garo Hills South,0,0,0,0,0,0,0,0,0,0,0,0,0,0,0,0,0,0,0,0,0,0,0,0
4,Meghalaya,Garo Hills South West,2,0,0,2,2,0,0,0,0,0,0,0,0,0,0,0,0,0,2,0,0,2,2,0
5,Meghalaya,Garo Hills West,0,0,0,0,0,0,0,0,0,0,0,0,0,0,0,0,0,0,0,0,0,0,0,0
6,Meghalaya,Jaintia Hills West,4,1,0,2,3,1,1,0,1,0,1,0,0,0,0,0,0,0,5,1,1,2,4,1
7,Meghalaya,Jaintia Hills East,7,1,0,5,6,1,0,0,0,0,0,0,0,0,0,0,0,0,7,1,0,5,6,1
8,Meghalaya,Khasi Hills East,0,0,0,0,0,0,0,0,0,0,0,0,0,0,0,0,0,0,0,0,0,0,0,0
9,Meghalaya,Khasi Hills South West,1,1,0,0,1,0,0,0,0,0,0,0,0,0,0,0,0,0,1,1,0,0,1,0
10,Meghalaya,Khasi Hills West,0,0,0,0,0,0,0,0,0,0,0,0,0,0,0,0,0,0,0,0,0,0,0,0
11,Meghalaya,Ri-Bhoi,11,0,3,8,11,0,0,0,0,0,0,0,0,0,0,0,0,0,11,0,3,8,11,0
12,Meghalaya,Cyber Cell,0,0,0,0,0,0,0,0,0,0,0,0,0,0,0,0,0,0,0,0,0,0,0,0
13,Meghalaya,Khasi Hills Eastern West,0,0,0,0,0,0,0,0,0,0,0,0,0,0,0,0,0,0,0,0,0,0,0,0
Total Districts,Total Districts,Total Districts,25,3,3,17,23,2,2,0,1,1,2,0,1,0,0,0,0,1,28,3,4,18,25,3
1,Mizoram,Aizawl,0,0,0,0,0,0,0,0,0,0,0,0,0,0,0,0,0,0,0,0,0,0,0,0
2,Mizoram,Champhai,0,0,0,0,0,0,0,0,0,0,0,0,0,0,0,0,0,0,0,0,0,0,0,0
3,Mizoram,Kolasib,0,0,0,0,0,0,1,0,1,0,1,0,0,0,0,0,0,0,1,0,1,0,1,0
4,Mizoram,Lawngtlai,0,0,0,0,0,0,0,0,0,0,0,0,0,0,0,0,0,0,0,0,0,0,0,0
5,Mizoram,Lunglei,0,0,0,0,0,0,0,0,0,0,0,0,0,0,0,0,0,0,0,0,0,0,0,0
6,Mizoram,Mamit,0,0,0,0,0,0,0,0,0,0,0,0,0,0,0,0,0,0,0,0,0,0,0,0
7,Mizoram,Saiha,0,0,0,0,0,0,0,0,0,0,0,0,0,0,0,0,0,0,0,0,0,0,0,0
8,Mizoram,Serchhip,0,0,0,0,0,0,0,0,0,0,0,0,0,0,0,0,0,0,0,0,0,0,0,0
9,Mizoram,Spl Narcotic,0,0,0,0,0,0,0,0,0,0,0,0,0,0,0,0,0,0,0,0,0,0,0,0
10,Mizoram,Saitual,0,0,0,0,0,0,0,0,0,0,0,0,0,0,0,0,0,0,0,0,0,0,0,0
11,Mizoram,Khawzawl,0,0,0,0,0,0,0,0,0,0,0,0,0,0,0,0,0,0,0,0,0,0,0,0
12,Mizoram,Hnahthial,0,0,0,0,0,0,0,0,0,0,0,0,0,0,0,0,0,0,0,0,0,0,0,0
13,Mizoram,Cyber,0,0,0,0,0,0,0,0,0,0,0,0,0,0,0,0,0,0,0,0,0,0,0,0
Total Districts,Total Districts,Total Districts,0,0,0,0,0,0,1,0,1,0,1,0,0,0,0,0,0,0,1,0,1,0,1,0
1,Nagaland,Dimapur,1,1,0,0,1,0,2,0,1,1,2,0,0,0,0,0,0,0,3,1,1,1,3,0
2,Nagaland,Kiphire,0,0,0,0,0,0,0,0,0,0,0,0,0,0,0,0,0,0,0,0,0,0,0,0
3,Nagaland,Kohima,2,2,0,0,2,0,40,1,18,16,35,5,0,0,0,0,0,0,42,3,18,16,37,5
4,Nagaland,Longleng,0,0,0,0,0,0,0,0,0,0,0,0,0,0,0,0,0,0,0,0,0,0,0,0
5,Nagaland,Mokokchung,0,0,0,0,0,0,0,0,0,0,0,0,0,0,0,0,0,0,0,0,0,0,0,0
6,Nagaland,Mon,0,0,0,0,0,0,0,0,0,0,0,0,0,0,0,0,0,0,0,0,0,0,0,0
7,Nagaland,Peren,0,0,0,0,0,0,0,0,0,0,0,0,0,0,0,0,0,0,0,0,0,0,0,0
8,Nagaland,Phek,0,0,0,0,0,0,0,0,0,0,0,0,0,0,0,0,0,0,0,0,0,0,0,0
9,Nagaland,Tuensang,0,0,0,0,0,0,0,0,0,0,0,0,0,0,0,0,0,0,0,0,0,0,0,0
10,Nagaland,Wokha,0,0,0,0,0,0,0,0,0,0,0,0,0,0,0,0,0,0,0,0,0,0,0,0
11,Nagaland,Zunheboto,1,0,0,1,1,0,0,0,0,0,0,0,0,0,0,0,0,0,1,0,0,1,1,0
Total Districts,Total Districts,Total Districts,4,3,0,1,4,0,42,1,19,17,37,5,0,0,0,0,0,0,46,4,19,18,41,5
1,Odisha,Angul,0,0,0,0,0,0,0,0,0,0,0,0,0,0,0,0,0,0,0,0,0,0,0,0
2,Odisha,Balasore,0,0,0,0,0,0,0,0,0,0,0,0,0,0,0,0,0,0,0,0,0,0,0,0
3,Odisha,Baragarh,0,0,0,0,0,0,0,0,0,0,0,0,0,0,0,0,0,0,0,0,0,0,0,0
4,Odisha,Berhampur,0,0,0,0,0,0,0,0,0,0,0,0,0,0,0,0,0,0,0,0,0,0,0,0
5,Odisha,Bhadrak,0,0,0,0,0,0,0,0,0,0,0,0,0,0,0,0,0,0,0,0,0,0,0,0
6,Odisha,Bolangir,0,0,0,0,0,0,0,0,0,0,0,0,0,0,0,0,0,0,0,0,0,0,0,0
7,Odisha,Boudh,0,0,0,0,0,0,0,0,0,0,0,0,0,0,0,0,0,0,0,0,0,0,0,0
8,Odisha,Cuttack,0,0,0,0,0,0,0,0,0,0,0,0,0,0,0,0,0,0,0,0,0,0,0,0
9,Odisha,DCP BBSR,0,0,0,0,0,0,0,0,0,0,0,0,0,0,0,0,0,0,0,0,0,0,0,0
10,Odisha,DCP CTC,0,0,0,0,0,0,0,0,0,0,0,0,0,0,0,0,0,0,0,0,0,0,0,0
11,Odisha,Deogarh,0,0,0,0,0,0,0,0,0,0,0,0,0,0,0,0,0,0,0,0,0,0,0,0
12,Odisha,Dhenkanal,0,0,0,0,0,0,0,0,0,0,0,0,0,0,0,0,0,0,0,0,0,0,0,0
13,Odisha,Gajapati,0,0,0,0,0,0,0,0,0,0,0,0,0,0,0,0,0,0,0,0,0,0,0,0
14,Odisha,Ganjam,0,0,0,0,0,0,0,0,0,0,0,0,0,0,0,0,0,0,0,0,0,0,0,0
15,Odisha,Jagatsinghpur,0,0,0,0,0,0,0,0,0,0,0,0,0,0,0,0,0,0,0,0,0,0,0,0
16,Odisha,Jajpur,0,0,0,0,0,0,0,0,0,0,0,0,0,0,0,0,0,0,0,0,0,0,0,0
17,Odisha,Jharsuguda,0,0,0,0,0,0,0,0,0,0,0,0,0,0,0,0,0,0,0,0,0,0,0,0
18,Odisha,Kalahandi,0,0,0,0,0,0,0,0,0,0,0,0,0,0,0,0,0,0,0,0,0,0,0,0
19,Odisha,Kandhamal,0,0,0,0,0,0,0,0,0,0,0,0,0,0,0,0,0,0,0,0,0,0,0,0
20,Odisha,Kendrapara,0,0,0,0,0,0,0,0,0,0,0,0,0,0,0,0,0,0,0,0,0,0,0,0
21,Odisha,Keonjhar,0,0,0,0,0,0,0,0,0,0,0,0,0,0,0,0,0,0,0,0,0,0,0,0
22,Odisha,Khurda,0,0,0,0,0,0,0,0,0,0,0,0,0,0,0,0,0,0,0,0,0,0,0,0
23,Odisha,Koraput,0,0,0,0,0,0,0,0,0,0,0,0,0,0,0,0,0,0,0,0,0,0,0,0
24,Odisha,Malkangiri,0,0,0,0,0,0,0,0,0,0,0,0,0,0,0,0,0,0,0,0,0,0,0,0
25,Odisha,Mayurbhanj,0,0,0,0,0,0,0,0,0,0,0,0,0,0,0,0,0,0,0,0,0,0,0,0
26,Odisha,Nayagarh,0,0,0,0,0,0,0,0,0,0,0,0,0,0,0,0,0,0,0,0,0,0,0,0
27,Odisha,Nabarangpur,0,0,0,0,0,0,0,0,0,0,0,0,0,0,0,0,0,0,0,0,0,0,0,0
28,Odisha,Nuapada,0,0,0,0,0,0,0,0,0,0,0,0,0,0,0,0,0,0,0,0,0,0,0,0
29,Odisha,Puri,0,0,0,0,0,0,0,0,0,0,0,0,0,0,0,0,0,0,0,0,0,0,0,0
30,Odisha,Rayagada,0,0,0,0,0,0,0,0,0,0,0,0,0,0,0,0,0,0,0,0,0,0,0,0
31,Odisha,Rourkela,0,0,0,0,0,0,0,0,0,0,0,0,0,0,0,0,0,0,0,0,0,0,0,0
32,Odisha,Sambalpur,0,0,0,0,0,0,0,0,0,0,0,0,0,0,0,0,0,0,0,0,0,0,0,0
33,Odisha,Sonepur,0,0,0,0,0,0,0,0,0,0,0,0,0,0,0,0,0,0,0,0,0,0,0,0
34,Odisha,SRP(Cuttack),0,0,0,0,0,0,0,0,0,0,0,0,0,0,0,0,0,0,0,0,0,0,0,0
35,Odisha,SRP(Rourkela),0,0,0,0,0,0,0,0,0,0,0,0,0,0,0,0,0,0,0,0,0,0,0,0
36,Odisha,Sundargarh,0,0,0,0,0,0,0,0,0,0,0,0,0,0,0,0,0,0,0,0,0,0,0,0
37,Odisha,CID CB,4517,75,150,282,507,4010,14070,427,902,2921,4250,9820,0,0,0,0,0,0,18587,502,1052,3203,4757,13830
Total Districts,Total Districts,Total Districts,4517,75,150,282,507,4010,14070,427,902,2921,4250,9820,0,0,0,0,0,0,18587,502,1052,3203,4757,13830
1,Punjab,Amritsar Rural,48,1,5,0,6,42,124,3,47,31,81,43,0,0,0,0,0,0,172,4,52,31,87,85
2,Punjab,Barnala,0,0,0,0,0,0,0,0,0,0,0,0,0,0,0,0,0,0,0,0,0,0,0,0
3,Punjab,Batala,27,0,0,0,0,27,0,0,0,0,0,0,0,0,0,0,0,0,27,0,0,0,0,27
4,Punjab,Bathinda,60,4,7,0,11,49,130,1,24,54,79,51,0,0,0,0,0,0,190,5,31,54,90,100
5,Punjab,CP Amritsar,51,3,2,2,7,44,83,3,27,15,45,38,0,0,0,0,0,0,134,6,29,17,52,82
6,Punjab,CP Jalandhar,195,3,9,3,15,180,365,1,34,41,76,289,0,0,0,0,0,0,560,4,43,44,91,469
7,Punjab,CP Ludhiana,56,8,14,3,25,31,77,4,25,16,45,32,0,0,0,0,0,0,133,12,39,19,70,63
8,Punjab,Faridkot,3,0,1,0,1,2,21,0,16,5,21,0,0,0,0,0,0,0,24,0,17,5,22,2
9,Punjab,Fatehgarh Sahib,5,0,0,2,2,3,66,0,28,14,42,24,0,0,0,0,0,0,71,0,28,16,44,27
10,Punjab,Fazilka,70,6,2,3,11,59,73,4,3,20,27,46,0,0,0,0,0,0,143,10,5,23,38,105
11,Punjab,Ferozepur,47,0,0,0,0,47,84,1,26,19,46,38,0,0,0,0,0,0,131,1,26,19,46,85
12,Punjab,GRP,10,1,1,1,3,7,3,0,1,1,2,1,0,0,0,0,0,0,13,1,2,2,5,8
13,Punjab,Gurdaspur,18,1,1,1,3,15,35,0,6,19,25,10,0,0,0,0,0,0,53,1,7,20,28,25
14,Punjab,Hoshiarpur,106,0,2,9,11,95,224,0,34,58,92,132,0,0,0,0,0,0,330,0,36,67,103,227
15,Punjab,Jalandhar Rural,96,2,3,0,5,91,143,3,4,0,7,136,0,0,0,0,0,0,239,5,7,0,12,227
16,Punjab,Kapurthala,28,2,7,0,9,19,40,0,5,2,7,33,0,0,0,0,0,0,68,2,12,2,16,52
17,Punjab,Khanna,76,2,3,3,8,68,84,9,1,12,22,62,0,0,0,0,0,0,160,11,4,15,30,130
18,Punjab,Ludhiana Rural,19,0,1,1,2,17,75,2,17,26,45,30,0,0,0,0,0,0,94,2,18,27,47,47
19,Punjab,Mansa,54,0,1,2,3,51,22,0,1,0,1,21,0,0,0,0,0,0,76,0,2,2,4,72
20,Punjab,Moga,80,0,1,1,2,78,49,1,0,0,1,48,0,0,0,0,0,0,129,1,1,1,3,126
21,Punjab,Muktsar,59,2,3,0,5,54,141,3,0,2,5,136,0,0,0,0,0,0,200,5,3,2,10,190
22,Punjab,Pathankot,45,1,3,3,7,38,37,0,0,4,4,33,0,0,0,0,0,0,82,1,3,7,11,71
23,Punjab,Patiala,48,10,9,5,24,24,172,7,42,72,121,51,0,0,0,0,0,0,220,17,51,77,145,75
24,Punjab,Ropar,48,3,4,1,8,40,56,2,5,19,26,30,0,0,0,0,0,0,104,5,9,20,34,70
25,Punjab,Sangrur,18,1,6,4,11,7,74,4,29,22,55,19,0,0,0,0,0,0,92,5,35,26,66,26
26,Punjab,SAS Nagar,0,0,0,0,0,0,0,0,0,0,0,0,0,0,0,0,0,0,0,0,0,0,0,0
27,Punjab,SBS Nagar,5,1,4,0,5,0,33,2,17,14,33,0,0,0,0,0,0,0,38,3,21,14,38,0
28,Punjab,Tarn Taran,52,0,1,0,1,51,63,0,0,2,2,61,0,0,0,0,0,0,115,0,1,2,3,112
29,Punjab,Bureau of Investigation,0,0,0,0,0,0,0,0,0,0,0,0,0,0,0,0,0,0,0,0,0,0,0,0
30,Punjab,Intelligence Wing,0,0,0,0,0,0,0,0,0,0,0,0,0,0,0,0,0,0,0,0,0,0,0,0
31,Punjab,NRI Wing,0,0,0,0,0,0,0,0,0,0,0,0,0,0,0,0,0,0,0,0,0,0,0,0
32,Punjab,Special Task Force,0,0,0,0,0,0,0,0,0,0,0,0,0,0,0,0,0,0,0,0,0,0,0,0
33,Punjab,Malerkotla,7,1,0,0,1,6,23,3,5,9,17,6,0,0,0,0,0,0,30,4,5,9,18,12
Total Districts,Total Districts,Total Districts,1331,52,90,44,186,1145,2297,53,397,477,927,1370,0,0,0,0,0,0,3628,105,487,521,1113,2515
1,Rajasthan,Ajmer,474,14,27,22,63,411,1386,25,97,146,268,1118,0,0,0,0,0,0,1860,39,124,168,331,1529
2,Rajasthan,Alwar,260,12,16,23,51,209,488,8,36,80,124,364,0,0,0,0,0,0,748,20,52,103,175,573
3,Rajasthan,Banswara,168,0,3,3,6,162,669,0,51,180,231,438,0,0,0,0,0,0,837,0,54,183,237,600
4,Rajasthan,Baran,154,10,9,1,20,134,628,3,45,88,136,492,0,0,0,0,0,0,782,13,54,89,156,626
5,Rajasthan,Barmer,108,1,9,6,16,92,313,1,22,39,62,251,0,0,0,0,0,0,421,2,31,45,78,343
6,Rajasthan,Bharatpur,174,4,5,14,23,151,237,0,6,13,19,218,0,0,0,0,0,0,411,4,11,27,42,369
7,Rajasthan,Bhilwara,306,1,10,19,30,276,1442,0,24,337,361,1081,0,0,0,0,0,0,1748,1,34,356,391,1357
8,Rajasthan,Bikaner,234,2,15,6,23,211,170,4,53,28,85,85,0,0,0,0,0,0,404,6,68,34,108,296
9,Rajasthan,Bundi,166,2,13,7,22,144,678,6,65,57,128,550,0,0,0,0,0,0,844,8,78,64,150,694
10,Rajasthan,Chittorgarh,211,2,14,3,19,192,1066,3,131,104,238,828,0,0,0,0,0,0,1277,5,145,107,257,1020
11,Rajasthan,Churu,126,0,8,12,20,106,491,0,20,57,77,414,0,0,0,0,0,0,617,0,28,69,97,520
12,Rajasthan,Dausa,158,3,19,17,39,119,229,2,32,27,61,168,0,0,0,0,0,0,387,5,51,44,100,287
13,Rajasthan,Dholpur,97,0,9,10,19,78,131,0,1,8,9,122,0,0,0,0,0,0,228,0,10,18,28,200
14,Rajasthan,Dungarpur,84,0,2,6,8,76,678,7,97,126,230,448,0,0,0,0,0,0,762,7,99,132,238,524
15,Rajasthan,GRP Ajmer,13,0,0,0,0,13,17,0,1,1,2,15,0,0,0,0,0,0,30,0,1,1,2,28
16,Rajasthan,GRP Jodhpur,8,1,0,1,2,6,8,0,3,0,3,5,0,0,0,0,0,0,16,1,3,1,5,11
17,Rajasthan,Ganganagar,348,5,7,10,22,326,1004,10,45,88,143,861,0,0,0,0,0,0,1352,15,52,98,165,1187
18,Rajasthan,Hanumangarh,205,4,8,2,14,191,611,4,49,57,110,501,0,0,0,0,0,0,816,8,57,59,124,692
19,Rajasthan,Jaipur East,337,11,23,17,51,286,569,7,43,67,117,452,0,0,0,0,0,0,906,18,66,84,168,738
20,Rajasthan,Jaipur North,287,4,17,15,36,251,481,0,35,58,93,388,0,0,0,0,0,0,768,4,52,73,129,639
21,Rajasthan,Jaipur Rural,202,4,22,5,31,171,482,4,66,32,102,380,0,0,0,0,0,0,684,8,88,37,133,551
22,Rajasthan,Jaipur South,327,4,10,25,39,288,528,2,31,82,115,413,0,0,0,0,0,0,855,6,41,107,154,701
23,Rajasthan,Jaipur West,448,20,26,28,74,374,755,30,57,71,158,597,0,0,0,0,0,0,1203,50,83,99,232,971
24,Rajasthan,Jaisalmer,32,0,1,0,1,31,41,0,1,7,8,33,0,0,0,0,0,0,73,0,2,7,9,64
25,Rajasthan,Jalore,109,2,7,6,15,94,484,2,26,52,80,404,0,0,0,0,0,0,593,4,33,58,95,498
26,Rajasthan,Jhalawar,191,4,9,9,22,169,674,5,34,117,156,518,0,0,0,0,0,0,865,9,43,126,178,687
27,Rajasthan,Jhunjhunu,165,5,13,13,31,134,727,2,54,47,103,624,0,0,0,0,0,0,892,7,67,60,134,758
28,Rajasthan,Jodhpur East,205,9,17,7,33,172,326,1,28,27,56,270,0,0,0,0,0,0,531,10,45,34,89,442
29,Rajasthan,Jodhpur West,268,6,8,15,29,239,447,1,34,53,88,359,0,0,0,0,0,0,715,7,42,68,117,598
30,Rajasthan,Jodhpur Rural,83,6,10,1,17,66,294,2,9,53,64,230,0,0,0,0,0,0,377,8,19,54,81,296
31,Rajasthan,Karauli,96,3,9,15,27,69,137,1,6,8,15,122,0,0,0,0,0,0,233,4,15,23,42,191
32,Rajasthan,Kota City,358,5,41,16,62,296,800,2,101,55,158,642,0,0,0,0,0,0,1158,7,142,71,220,938
33,Rajasthan,Kota Rural,125,1,11,4,16,109,540,2,38,40,80,460,0,0,0,0,0,0,665,3,49,44,96,569
34,Rajasthan,Nagaur,197,1,10,13,24,173,746,5,60,76,141,605,0,0,0,0,0,0,943,6,70,89,165,778
35,Rajasthan,Pali,185,2,10,11,23,162,1101,0,31,123,154,947,0,0,0,0,0,0,1286,2,41,134,177,1109
36,Rajasthan,Pratapgarh,101,2,2,1,5,96,513,1,20,107,128,385,0,0,0,0,0,0,614,3,22,108,133,481
37,Rajasthan,Rajsamand,145,1,6,5,12,133,838,0,46,95,141,697,0,0,0,0,0,0,983,1,52,100,153,830
38,Rajasthan,Sawai Madhopur,120,8,16,5,29,91,172,4,6,6,16,156,0,0,0,0,0,0,292,12,22,11,45,247
39,Rajasthan,Sikar,217,3,16,25,44,173,830,4,47,88,139,691,0,0,0,0,0,0,1047,7,63,113,183,864
40,Rajasthan,Sirohi,90,0,2,6,8,82,526,1,20,58,79,447,0,0,0,0,0,0,616,1,22,64,87,529
41,Rajasthan,Tonk,111,0,7,3,10,101,378,1,18,25,44,334,0,0,0,0,0,0,489,1,25,28,54,435
42,Rajasthan,Udaipur,347,3,19,26,48,299,1751,7,114,312,433,1318,0,0,0,0,0,0,2098,10,133,338,481,1617
43,Rajasthan,Jaipur Metro,0,0,0,0,0,0,0,0,0,0,0,0,0,0,0,0,0,0,0,0,0,0,0,0
44,Rajasthan,SCRB,0,0,0,0,0,0,0,0,0,0,0,0,0,0,0,0,0,0,0,0,0,0,0,0
45,Rajasthan,SOG,0,0,0,0,0,0,0,0,0,0,0,0,0,0,0,0,0,0,0,0,0,0,0,0
46,Rajasthan,SSB,0,0,0,0,0,0,0,0,0,0,0,0,0,0,0,0,0,0,0,0,0,0,0,0
47,Rajasthan,Jaipur Crime,0,0,0,0,0,0,0,0,0,0,0,0,0,0,0,0,0,0,0,0,0,0,0,0
48,Rajasthan,Bhiwadi,222,6,28,3,37,185,419,13,71,34,118,301,0,0,0,0,0,0,641,19,99,37,155,486
Total Districts,Total Districts,Total Districts,8262,171,514,436,1121,7141,24805,170,1774,3129,5073,19732,0,0,0,0,0,0,33067,341,2288,3565,6194,26873
1,Sikkim,Gangtok (East),19,0,2,1,3,16,41,0,1,0,1,40,0,0,0,0,0,0,60,0,3,1,4,56
2,Sikkim,Mangan (North),14,0,1,6,7,7,2,0,0,1,1,1,0,0,0,0,0,0,16,0,1,7,8,8
3,Sikkim,Namchi (South),11,0,0,0,0,11,22,0,2,1,3,19,0,0,0,0,0,0,33,0,2,1,3,30
4,Sikkim,Soreng (West),5,0,0,0,0,5,6,0,0,0,0,6,0,0,0,0,0,0,11,0,0,0,0,11
5,Sikkim,Pakyong (East),11,0,0,0,0,11,14,0,1,0,1,13,0,0,0,0,0,0,25,0,1,0,1,24
6,Sikkim,Gyalshing (West),0,0,0,0,0,0,0,0,0,0,0,0,0,0,0,0,0,0,0,0,0,0,0,0
Total Districts,Total Districts,Total Districts,60,0,3,7,10,50,85,0,4,2,6,79,0,0,0,0,0,0,145,0,7,9,16,129
1,Tamil Nadu,Ariyalur,53,13,5,4,22,31,213,14,9,46,69,144,0,0,0,0,0,0,266,27,14,50,91,175
2,Tamil Nadu,Chennai,1031,60,54,51,165,866,1786,59,137,245,441,1345,0,0,0,0,0,0,2817,119,191,296,606,2211
3,Tamil Nadu,Coimbatore,257,37,11,13,61,196,638,51,28,69,148,490,0,0,0,0,0,0,895,88,39,82,209,686
4,Tamil Nadu,Coimbatore City,325,15,36,33,84,241,555,26,34,47,107,448,0,0,0,0,0,0,880,41,70,80,191,689
5,Tamil Nadu,Cuddalore,216,6,10,3,19,197,784,4,23,27,54,730,0,0,0,0,0,0,1000,10,33,30,73,927
6,Tamil Nadu,Dharmapuri,57,8,8,5,21,36,255,12,14,72,98,157,0,0,0,0,0,0,312,20,22,77,119,193
7,Tamil Nadu,Dindigul,200,32,15,13,60,140,626,43,27,147,217,409,0,0,0,0,0,0,826,75,42,160,277,549
8,Tamil Nadu,Erode,150,25,22,7,54,96,347,25,69,92,186,161,0,0,0,0,0,0,497,50,91,99,240,257
9,Tamil Nadu,Kanchipuram,97,5,0,8,13,84,303,3,3,48,54,249,0,0,0,0,0,0,400,8,3,56,67,333
10,Tamil Nadu,Kanyakumari,192,40,3,2,45,147,285,42,0,8,50,235,0,0,0,0,0,0,477,82,3,10,95,382
11,Tamil Nadu,Karur,72,13,5,9,27,45,250,10,14,51,75,175,0,0,0,0,0,0,322,23,19,60,102,220
12,Tamil Nadu,Krishnagiri,175,22,10,12,44,131,292,14,29,67,110,182,0,0,0,0,0,0,467,36,39,79,154,313
13,Tamil Nadu,Madurai,204,12,21,21,54,150,601,18,39,143,200,401,0,0,0,0,0,0,805,30,60,164,254,551
14,Tamil Nadu,Madurai City,313,43,19,17,79,234,576,42,25,64,131,445,0,0,0,0,0,0,889,85,44,81,210,679
15,Tamil Nadu,Nagapattinam,121,15,12,6,33,88,347,17,15,51,83,264,0,0,0,0,0,0,468,32,27,57,116,352
16,Tamil Nadu,Namakkal,173,27,16,14,57,116,423,34,17,63,114,309,0,0,0,0,0,0,596,61,33,77,171,425
17,Tamil Nadu,Nilgiris,42,3,5,1,9,33,112,9,17,17,43,69,0,0,0,0,0,0,154,12,22,18,52,102
18,Tamil Nadu,Perambalur,47,10,0,2,12,35,149,3,14,27,44,105,0,0,0,0,0,0,196,13,14,29,56,140
19,Tamil Nadu,Pudukottai,148,3,10,7,20,128,551,0,26,51,77,474,0,0,0,0,0,0,699,3,36,58,97,602
20,Tamil Nadu,Ramnathapuram,84,14,3,5,22,62,234,15,2,11,28,206,0,0,0,0,0,0,318,29,5,16,50,268
21,Tamil Nadu,Railway Chennai,12,1,0,0,1,11,15,1,1,3,5,10,0,0,0,0,0,0,27,2,1,3,6,21
22,Tamil Nadu,Railway Trichy,9,2,0,0,2,7,12,0,0,2,2,10,0,0,0,0,0,0,21,2,0,2,4,17
23,Tamil Nadu,Salem,124,21,16,7,44,80,445,44,68,48,160,285,0,0,0,0,0,0,569,65,84,55,204,365
24,Tamil Nadu,Salem City,180,23,17,3,43,137,332,22,16,9,47,285,1,0,0,0,0,1,513,45,33,12,90,423
25,Tamil Nadu,Sivagangai,106,15,6,10,31,75,369,19,25,55,99,270,0,0,0,0,0,0,475,34,31,65,130,345
26,Tamil Nadu,Thanjavur,214,36,15,9,60,154,614,27,14,119,160,454,0,0,0,0,0,0,828,63,29,128,220,608
27,Tamil Nadu,Theni,185,29,13,10,52,133,442,24,52,69,145,297,0,0,0,0,0,0,627,53,65,79,197,430
28,Tamil Nadu,Thirunelveli,89,6,10,9,25,64,235,10,8,60,78,157,0,0,0,0,0,0,324,16,18,69,103,221
29,Tamil Nadu,Thirunelveli City,72,7,2,12,21,51,120,1,11,13,25,95,0,0,0,0,0,0,192,8,13,25,46,146
30,Tamil Nadu,Thiruvallur,181,31,16,5,52,129,574,25,50,47,122,452,0,0,0,0,0,0,755,56,66,52,174,581
31,Tamil Nadu,Thiruvannamalai,154,27,12,10,49,105,602,27,25,150,202,400,0,0,0,0,0,0,756,54,37,160,251,505
32,Tamil Nadu,Thiruvarur,33,0,12,0,12,21,166,0,15,20,35,131,0,0,0,0,0,0,199,0,27,20,47,152
33,Tamil Nadu,Thoothukudi,212,25,5,13,43,169,512,35,19,54,108,404,0,0,0,0,0,0,724,60,24,67,151,573
34,Tamil Nadu,Tiruppur,138,0,7,13,20,118,418,0,14,108,122,296,0,0,0,0,0,0,556,0,21,121,142,414
35,Tamil Nadu,Tiruppur City,178,3,16,30,49,129,327,21,28,37,86,241,0,0,0,0,0,0,505,24,44,67,135,370
36,Tamil Nadu,Trichy,135,17,3,15,35,100,392,28,17,60,105,287,0,0,0,0,0,0,527,45,20,75,140,387
37,Tamil Nadu,Trichy City,126,12,11,4,27,99,255,11,32,37,80,175,0,0,0,0,0,0,381,23,43,41,107,274
38,Tamil Nadu,Vellore,126,21,10,11,42,84,382,23,29,90,142,240,0,0,0,0,0,0,508,44,39,101,184,324
39,Tamil Nadu,Villupuram,203,0,6,19,25,178,596,0,6,44,50,546,0,0,0,0,0,0,799,0,12,63,75,724
40,Tamil Nadu,Virudhunagar,234,19,37,25,81,153,592,17,67,92,176,416,0,0,0,0,0,0,826,36,104,117,257,569
41,Tamil Nadu,Cyber Cell,0,0,0,0,0,0,0,0,0,0,0,0,0,0,0,0,0,0,0,0,0,0,0,0
42,Tamil Nadu,Other Units,0,0,0,0,0,0,0,0,0,0,0,0,0,0,0,0,0,0,0,0,0,0,0,0
43,Tamil Nadu,Chengalpattu,126,22,9,6,37,89,379,14,22,29,65,314,0,0,0,0,0,0,505,36,31,35,102,403
44,Tamil Nadu,Kallakurichi,70,2,4,7,13,57,307,2,32,55,89,218,0,0,0,0,0,0,377,4,36,62,102,275
45,Tamil Nadu,Ranipet,68,6,1,4,11,57,252,11,12,52,75,177,0,0,0,0,0,0,320,17,13,56,86,234
46,Tamil Nadu,Tiruppattur,106,17,13,10,40,66,327,22,14,66,102,225,0,0,0,0,0,0,433,39,27,76,142,291
47,Tamil Nadu,Tenkasi,183,47,16,6,69,114,503,28,47,49,124,379,0,0,0,0,0,0,686,75,63,55,193,493
48,Tamil Nadu,Avadi,573,63,35,24,122,451,958,41,53,112,206,752,2,0,0,0,0,2,1533,104,88,136,328,1205
49,Tamil Nadu,Tambaram,243,21,12,11,44,199,482,36,30,53,119,363,0,0,0,0,0,0,725,57,42,64,163,562
Total Districts,Total Districts,Total Districts,8037,876,569,506,1951,6086,19935,930,1249,2879,5058,14877,3,0,0,0,0,3,27975,1806,1818,3385,7009,20966
1,Telangana,Cyberabad Commissionerate,1919,222,71,47,340,1579,2474,206,51,71,328,2146,0,0,0,0,0,0,4393,428,122,118,668,3725
2,Telangana,Hyderabad Commissionerate,1674,56,109,11,176,1498,1999,48,108,8,164,1835,0,0,0,0,0,0,3673,104,217,19,340,3333
3,Telangana,Karimnagar Commissionerate,133,15,5,4,24,109,286,8,3,48,59,227,0,0,0,0,0,0,419,23,8,52,83,336
4,Telangana,Khammam Commissionerate,158,26,0,1,27,131,345,10,4,25,39,306,0,0,0,0,0,0,503,36,4,26,66,437
5,Telangana,Nizamabad Commissionerate,357,36,19,8,63,294,436,33,12,29,74,362,0,0,0,0,0,0,793,69,31,37,137,656
6,Telangana,Rachakonda Commissionerate,1787,52,84,120,256,1531,2135,74,46,93,213,1922,0,0,0,0,0,0,3922,126,130,213,469,3453
7,Telangana,Ramagundam Commissionerate,257,0,27,3,30,227,460,0,26,2,28,432,0,0,0,0,0,0,717,0,53,5,58,659
8,Telangana,Siddipet Commissionerate,168,27,2,0,29,139,305,29,2,0,31,274,0,0,0,0,0,0,473,56,4,0,60,413
9,Telangana,Warangal Commissionerate,359,23,19,13,55,304,821,23,43,136,202,619,0,0,0,0,0,0,1180,46,62,149,257,923
10,Telangana,Adilabad,78,4,2,3,9,69,117,1,1,1,3,114,0,0,0,0,0,0,195,5,3,4,12,183
11,Telangana,Bhadradri Kothagudem,123,3,22,0,25,98,410,6,66,65,137,273,0,0,0,0,0,0,533,9,88,65,162,371
12,Telangana,Jagityal,96,0,4,7,11,85,275,5,12,28,45,230,0,0,0,0,0,0,371,5,16,35,56,315
13,Telangana,Jayashankar Bhupalpalli,32,4,0,1,5,27,101,3,0,0,3,98,0,0,0,0,0,0,133,7,0,1,8,125
14,Telangana,Jogulamba Gadwal,80,0,18,0,18,62,115,0,0,15,15,100,0,0,0,0,0,0,195,0,18,15,33,162
15,Telangana,Kamareddy,231,3,20,23,46,185,364,4,38,57,99,265,0,0,0,0,0,0,595,7,58,80,145,450
16,Telangana,Kumaram Bheem Asifabad,42,3,0,4,7,35,56,2,0,3,5,51,0,0,0,0,0,0,98,5,0,7,12,86
17,Telangana,Mahabubabad,53,0,4,1,5,48,213,0,54,16,70,143,0,0,0,0,0,0,266,0,58,17,75,191
18,Telangana,Mahabubnagar,174,27,9,3,39,135,336,22,3,4,29,307,0,0,0,0,0,0,510,49,12,7,68,442
19,Telangana,Medak,114,15,5,0,20,94,234,20,8,0,28,206,0,0,0,0,0,0,348,35,13,0,48,300
20,Telangana,Nagarkurnool,91,14,6,2,22,69,239,15,6,15,36,203,0,0,0,0,0,0,330,29,12,17,58,272
21,Telangana,Nalgonda,165,19,11,7,37,128,363,8,14,18,40,323,0,0,0,0,0,0,528,27,25,25,77,451
22,Telangana,Nirmal,105,0,3,15,18,87,155,0,13,25,38,117,0,0,0,0,0,0,260,0,16,40,56,204
23,Telangana,Rajanna Siricilla,51,0,0,8,8,43,153,0,0,14,14,139,0,0,0,0,0,0,204,0,0,22,22,182
24,Telangana,Sangareddy,321,40,24,16,80,241,536,34,63,88,185,351,0,0,0,0,0,0,857,74,87,104,265,592
25,Telangana,Suryapet,121,17,3,9,29,92,266,6,21,2,29,237,0,0,0,0,0,0,387,23,24,11,58,329
26,Telangana,Vikarabad,120,28,4,1,33,87,220,17,3,4,24,196,0,0,0,0,0,0,340,45,7,5,57,283
27,Telangana,Wanaparthy,48,3,3,11,17,31,168,3,1,45,49,119,0,0,0,0,0,0,216,6,4,56,66,150
28,Telangana,Railway Police Secunderabad,21,3,0,1,4,17,14,0,1,0,1,13,0,0,0,0,0,0,35,3,1,1,5,30
29,Telangana,Mulug,24,4,0,0,4,20,63,4,1,0,5,58,0,0,0,0,0,0,87,8,1,0,9,78
30,Telangana,Narayanpet,33,8,3,0,11,22,107,2,0,0,2,105,0,0,0,0,0,0,140,10,3,0,13,127
Total Districts,Total Districts,Total Districts,8935,652,477,319,1448,7487,13766,583,600,812,1995,11771,0,0,0,0,0,0,22701,1235,1077,1131,3443,19258
1,Tripura,Dhalai,45,0,1,0,1,44,116,0,1,2,3,113,0,0,0,0,0,0,161,0,2,2,4,157
2,Tripura,Gomati,48,0,0,0,0,48,174,1,0,10,11,163,0,0,0,0,0,0,222,1,0,10,11,211
3,Tripura,GRP,0,0,0,0,0,0,0,0,0,0,0,0,0,0,0,0,0,0,0,0,0,0,0,0
4,Tripura,Kowai,35,0,0,0,0,35,64,0,0,0,0,64,0,0,0,0,0,0,99,0,0,0,0,99
5,Tripura,North,9,0,0,2,2,7,14,0,0,8,8,6,0,0,0,0,0,0,23,0,0,10,10,13
6,Tripura,Sipahijala,31,0,2,0,2,29,83,0,5,7,12,71,0,0,0,0,0,0,114,0,7,7,14,100
7,Tripura,South,52,10,0,2,12,40,155,0,6,10,16,139,0,0,0,0,0,0,207,10,6,12,28,179
8,Tripura,Unakoti,16,0,1,0,1,15,56,0,3,9,12,44,0,0,0,0,0,0,72,0,4,9,13,59
9,Tripura,West,162,2,3,1,6,156,471,3,23,14,40,431,0,0,0,0,0,0,633,5,26,15,46,587
Total Districts,Total Districts,Total Districts,398,12,7,5,24,374,1133,4,38,60,102,1031,0,0,0,0,0,0,1531,16,45,65,126,1405
1,Uttar Pradesh,Agra,0,0,0,0,0,0,0,0,0,0,0,0,0,0,0,0,0,0,0,0,0,0,0,0
2,Uttar Pradesh,Aligarh,73,4,4,3,11,62,112,0,8,4,12,100,0,0,0,0,0,0,185,4,12,7,23,162
3,Uttar Pradesh,Prayagraj,158,1,11,8,20,138,247,1,26,39,66,181,0,0,0,0,0,0,405,2,37,47,86,319
4,Uttar Pradesh,Ambedkar Nagar,29,0,13,16,29,0,100,0,0,0,0,100,0,0,0,0,0,0,129,0,13,16,29,100
5,Uttar Pradesh,Amethi,27,1,3,3,7,20,38,0,6,11,17,21,0,0,0,0,0,0,65,1,9,14,24,41
6,Uttar Pradesh,Auraiya,24,0,2,0,2,22,27,0,2,2,4,23,0,0,0,0,0,0,51,0,4,2,6,45
7,Uttar Pradesh,Azamgarh,82,2,0,1,3,79,199,0,0,10,10,189,0,0,0,0,0,0,281,2,0,11,13,268
8,Uttar Pradesh,Badaun,76,2,11,1,14,62,122,4,14,6,24,98,0,0,0,0,0,0,198,6,25,7,38,160
9,Uttar Pradesh,Baghpat,74,1,8,1,10,64,126,0,7,8,15,111,0,0,0,0,0,0,200,1,15,9,25,175
10,Uttar Pradesh,Bahraich,118,10,33,12,55,63,145,2,20,26,48,97,0,0,0,0,0,0,263,12,53,38,103,160
11,Uttar Pradesh,Ballia,132,9,5,4,18,114,225,6,12,10,28,197,0,0,0,0,0,0,357,15,17,14,46,311
12,Uttar Pradesh,Balrampur,19,1,3,14,18,1,176,1,9,12,22,154,0,0,0,0,0,0,195,2,12,26,40,155
13,Uttar Pradesh,Banda,22,1,5,1,7,15,62,0,7,20,27,35,0,0,0,0,0,0,84,1,12,21,34,50
14,Uttar Pradesh,Barabanki,100,14,41,3,58,42,121,10,43,15,68,53,0,0,0,0,0,0,221,24,84,18,126,95
15,Uttar Pradesh,Bareilly,81,3,9,6,18,63,87,1,6,6,13,74,0,0,0,0,0,0,168,4,15,12,31,137
16,Uttar Pradesh,Basti,45,2,5,2,9,36,112,3,7,11,21,91,0,0,0,0,0,0,157,5,12,13,30,127
17,Uttar Pradesh,Bijnor,102,2,1,11,14,88,166,0,12,15,27,139,0,0,0,0,0,0,268,2,13,26,41,227
18,Uttar Pradesh,Bulandshahar,60,1,1,2,4,56,96,0,0,17,17,79,0,0,0,0,0,0,156,1,1,19,21,135
19,Uttar Pradesh,Chandoli,0,0,0,0,0,0,0,0,0,0,0,0,0,0,0,0,0,0,0,0,0,0,0,0
20,Uttar Pradesh,Chitrakoot,9,1,2,2,5,4,16,1,3,3,7,9,0,0,0,0,0,0,25,2,5,5,12,13
21,Uttar Pradesh,Deoria,0,0,0,0,0,0,4,0,0,4,4,0,0,0,0,0,0,0,4,0,0,4,4,0
22,Uttar Pradesh,Etah,25,0,5,0,5,20,46,0,3,3,6,40,0,0,0,0,0,0,71,0,8,3,11,60
23,Uttar Pradesh,Etawah,71,7,18,9,34,37,141,1,8,36,45,96,0,0,0,0,0,0,212,8,26,45,79,133
24,Uttar Pradesh,Ayodhya,42,3,5,3,11,31,70,0,21,4,25,45,0,0,0,0,0,0,112,3,26,7,36,76
25,Uttar Pradesh,Fatehgarh,0,0,0,0,0,0,0,0,0,0,0,0,0,0,0,0,0,0,0,0,0,0,0,0
26,Uttar Pradesh,Fatehpur,122,62,5,0,67,55,143,0,16,0,16,127,0,0,0,0,0,0,265,62,21,0,83,182
27,Uttar Pradesh,Firozabad,2,0,0,2,2,0,6,0,1,5,6,0,0,0,0,0,0,0,8,0,1,7,8,0
28,Uttar Pradesh,GRP,21,6,0,0,6,15,31,4,1,0,5,26,0,0,0,0,0,0,52,10,1,0,11,41
29,Uttar Pradesh,Gautambudh Nagar,250,10,11,4,25,225,505,3,40,52,95,410,0,0,0,0,0,0,755,13,51,56,120,635
30,Uttar Pradesh,Ghaziabad,180,3,21,2,26,154,266,4,26,41,71,195,0,0,0,0,0,0,446,7,47,43,97,349
31,Uttar Pradesh,Ghazipur,148,35,22,14,71,77,279,10,82,57,149,130,0,0,0,0,0,0,427,45,104,71,220,207
32,Uttar Pradesh,Gonda,36,0,1,0,1,35,75,0,5,14,19,56,0,0,0,0,0,0,111,0,6,14,20,91
33,Uttar Pradesh,Gorakhpur,110,1,4,1,6,104,162,2,7,2,11,151,0,0,0,0,0,0,272,3,11,3,17,255
34,Uttar Pradesh,Hamirpur,21,1,5,7,13,8,165,0,41,72,113,52,0,0,0,0,0,0,186,1,46,79,126,60
35,Uttar Pradesh,Hapur,98,10,12,5,27,71,137,2,25,22,49,88,0,0,0,0,0,0,235,12,37,27,76,159
36,Uttar Pradesh,Hardoi,56,3,4,3,10,46,94,1,11,21,33,61,0,0,0,0,0,0,150,4,15,24,43,107
37,Uttar Pradesh,Hathras,30,5,3,0,8,22,61,1,4,5,10,51,0,0,0,0,0,0,91,6,7,5,18,73
38,Uttar Pradesh,Jalaun,28,0,0,0,0,28,2,0,2,0,2,0,0,0,0,0,0,0,30,0,2,0,2,28
39,Uttar Pradesh,Jaunpur,25,2,2,2,6,19,60,1,1,9,11,49,0,0,0,0,0,0,85,3,3,11,17,68
40,Uttar Pradesh,Jhansi,237,5,17,6,28,209,208,1,10,13,24,184,0,0,0,0,0,0,445,6,27,19,52,393
41,Uttar Pradesh,Kannauj,58,4,7,4,15,43,125,5,22,38,65,60,0,0,0,0,0,0,183,9,29,42,80,103
42,Uttar Pradesh,Kanpur Dehat,3,0,3,0,3,0,8,0,4,0,4,4,0,0,0,0,0,0,11,0,7,0,7,4
43,Uttar Pradesh,Kanpur Commissionarate,346,12,48,58,118,228,424,9,63,71,143,281,0,0,0,0,0,0,770,21,111,129,261,509
44,Uttar Pradesh,Kasganj,0,0,0,0,0,0,0,0,0,0,0,0,0,0,0,0,0,0,0,0,0,0,0,0
45,Uttar Pradesh,Kaushambi,0,0,0,0,0,0,54,0,9,45,54,0,156,0,58,98,156,0,210,0,67,143,210,0
46,Uttar Pradesh,Khiri,0,0,0,0,0,0,0,0,0,0,0,0,0,0,0,0,0,0,0,0,0,0,0,0
47,Uttar Pradesh,Kushi Nagar,8,0,1,1,2,6,35,1,8,5,14,21,0,0,0,0,0,0,43,1,9,6,16,27
48,Uttar Pradesh,Lalitpur,21,0,19,2,21,0,103,0,62,41,103,0,0,0,0,0,0,0,124,0,81,43,124,0
49,Uttar Pradesh,Lucknow Commissionarate,157,47,96,14,157,0,180,19,125,36,180,0,0,0,0,0,0,0,337,66,221,50,337,0
50,Uttar Pradesh,Maharajganj,0,0,0,0,0,0,0,0,0,0,0,0,0,0,0,0,0,0,0,0,0,0,0,0
51,Uttar Pradesh,Mahoba,11,3,6,2,11,0,25,6,13,6,25,0,0,0,0,0,0,0,36,9,19,8,36,0
52,Uttar Pradesh,Mainpuri,0,0,0,0,0,0,0,0,0,0,0,0,0,0,0,0,0,0,0,0,0,0,0,0
53,Uttar Pradesh,Mathura,0,0,0,0,0,0,0,0,0,0,0,0,0,0,0,0,0,0,0,0,0,0,0,0
54,Uttar Pradesh,Mau,20,1,0,2,3,17,35,0,0,2,2,33,0,0,0,0,0,0,55,1,0,4,5,50
55,Uttar Pradesh,Meerut,122,4,4,3,11,111,112,2,7,3,12,100,0,0,0,0,0,0,234,6,11,6,23,211
56,Uttar Pradesh,Mirzapur,56,3,5,3,11,45,131,1,11,20,32,99,0,0,0,0,0,0,187,4,16,23,43,144
57,Uttar Pradesh,Moradabad,0,0,0,0,0,0,72,0,7,0,7,65,0,0,0,0,0,0,72,0,7,0,7,65
58,Uttar Pradesh,Muzaffarnagar,0,0,0,0,0,0,0,0,0,0,0,0,0,0,0,0,0,0,0,0,0,0,0,0
59,Uttar Pradesh,Pilibhit,104,1,3,1,5,99,93,0,0,0,0,93,0,0,0,0,0,0,197,1,3,1,5,192
60,Uttar Pradesh,Pratapgarh,0,0,0,0,0,0,0,0,0,0,0,0,0,0,0,0,0,0,0,0,0,0,0,0
61,Uttar Pradesh,Raibareilly,43,0,3,5,8,35,93,0,10,22,32,61,0,0,0,0,0,0,136,0,13,27,40,96
62,Uttar Pradesh,Rampur,0,0,0,0,0,0,0,0,0,0,0,0,0,0,0,0,0,0,0,0,0,0,0,0
63,Uttar Pradesh,Saharanpur,109,3,4,5,12,97,112,2,2,8,12,100,0,0,0,0,0,0,221,5,6,13,24,197
64,Uttar Pradesh,Sambhal,28,2,0,2,4,24,45,0,3,6,9,36,0,0,0,0,0,0,73,2,3,8,13,60
65,Uttar Pradesh,Sant Kabirnagar,27,1,3,2,6,21,136,3,22,23,48,88,0,0,0,0,0,0,163,4,25,25,54,109
66,Uttar Pradesh,Shahjahanpur,62,3,10,5,18,44,116,3,10,20,33,83,0,0,0,0,0,0,178,6,20,25,51,127
67,Uttar Pradesh,Shamli,49,0,3,1,4,45,48,1,1,2,4,44,0,0,0,0,0,0,97,1,4,3,8,89
68,Uttar Pradesh,Shrawasti,23,4,7,0,11,12,40,1,4,2,7,33,0,0,0,0,0,0,63,5,11,2,18,45
69,Uttar Pradesh,Sidharthnagar,53,0,3,2,5,48,163,0,2,4,6,157,0,0,0,0,0,0,216,0,5,6,11,205
70,Uttar Pradesh,Sitapur,173,4,12,17,33,140,169,1,11,13,25,144,0,0,0,0,0,0,342,5,23,30,58,284
71,Uttar Pradesh,Sonbhadra,67,1,6,4,11,56,145,3,7,14,24,121,0,0,0,0,0,0,212,4,13,18,35,177
72,Uttar Pradesh,Bhadohi,22,1,14,7,22,0,32,0,27,5,32,0,0,0,0,0,0,0,54,1,41,12,54,0
73,Uttar Pradesh,Sultanpur,25,2,3,0,5,20,11,0,0,3,3,8,0,0,0,0,0,0,36,2,3,3,8,28
74,Uttar Pradesh,Unnao,0,0,0,0,0,0,0,0,0,0,0,0,0,0,0,0,0,0,0,0,0,0,0,0
75,Uttar Pradesh,Varanasi Commissionarate,224,0,14,19,33,191,239,0,31,34,65,174,0,0,0,0,0,0,463,0,45,53,98,365
76,Uttar Pradesh,Lucknow Grameen,0,0,0,0,0,0,0,0,0,0,0,0,0,0,0,0,0,0,0,0,0,0,0,0
77,Uttar Pradesh,Kanpur Outer,0,0,0,0,0,0,0,0,0,0,0,0,0,0,0,0,0,0,0,0,0,0,0,0
78,Uttar Pradesh,Vasanasi Dehat,0,0,0,0,0,0,0,0,0,0,0,0,0,0,0,0,0,0,0,0,0,0,0,0
Total Districts,Total Districts,Total Districts,4544,304,566,307,1177,3367,7378,116,947,998,2061,5317,156,0,58,98,156,0,12078,420,1571,1403,3394,8684
1,Uttarakhand,Almora,48,0,0,6,6,42,57,0,3,10,13,44,0,0,0,0,0,0,105,0,3,16,19,86
2,Uttarakhand,Bageshwar,28,0,2,3,5,23,34,0,6,2,8,26,0,0,0,0,0,0,62,0,8,5,13,49
3,Uttarakhand,Chamoli,26,0,0,3,3,23,35,0,0,9,9,26,0,0,0,0,0,0,61,0,0,12,12,49
4,Uttarakhand,Champawat,51,0,5,5,10,41,65,0,7,10,17,48,0,0,0,0,0,0,116,0,12,15,27,89
5,Uttarakhand,Dehradun,384,1,7,1,9,375,439,0,5,4,9,430,0,0,0,0,0,0,823,1,12,5,18,805
6,Uttarakhand,Haridwar,492,6,46,44,96,396,417,0,53,50,103,314,0,0,0,0,0,0,909,6,99,94,199,710
7,Uttarakhand,Nainital,194,0,4,20,24,170,228,0,3,60,63,165,0,0,0,0,0,0,422,0,7,80,87,335
8,Uttarakhand,Pauri Garhwal,48,0,6,2,8,40,66,0,8,0,8,58,0,0,0,0,0,0,114,0,14,2,16,98
9,Uttarakhand,Pithoragarh,26,0,5,5,10,16,40,0,8,14,22,18,0,0,0,0,0,0,66,0,13,19,32,34
10,Uttarakhand,Rudra Prayag,13,0,1,0,1,12,21,0,0,6,6,15,0,0,0,0,0,0,34,0,1,6,7,27
11,Uttarakhand,Tehri Garhwal,37,1,5,1,7,30,67,2,6,10,18,49,0,0,0,0,0,0,104,3,11,11,25,79
12,Uttarakhand,Udhamsingh Nagar,284,0,13,30,43,241,561,2,54,90,146,415,0,0,0,0,0,0,845,2,67,120,189,656
13,Uttarakhand,Uttarkashi,29,0,1,2,3,26,26,0,0,3,3,23,0,0,0,0,0,0,55,0,1,5,6,49
14,Uttarakhand,GRP,3,0,0,0,0,3,1,0,0,0,0,1,0,0,0,0,0,0,4,0,0,0,0,4
15,Uttarakhand,Cyber Cell,0,0,0,0,0,0,0,0,0,0,0,0,0,0,0,0,0,0,0,0,0,0,0,0
Total Districts,Total Districts,Total Districts,1663,8,95,122,225,1438,2057,4,153,268,425,1632,0,0,0,0,0,0,3720,12,248,390,650,3070
1,West Bengal,Alipurduar,352,5,10,10,25,327,935,1,44,100,145,790,0,0,0,0,0,0,1287,6,54,110,170,1117
2,West Bengal,Asansol-Durgapur PC,756,9,16,16,41,715,899,5,40,93,138,761,0,0,0,0,0,0,1655,14,56,109,179,1476
3,West Bengal,Bankura,437,0,4,5,9,428,1035,0,70,168,238,797,0,0,0,0,0,0,1472,0,74,173,247,1225
4,West Bengal,Barrackpur PC,1305,22,50,43,115,1190,1781,11,200,179,390,1391,0,0,0,0,0,0,3086,33,250,222,505,2581
5,West Bengal,Bidhannagar PC,410,12,23,11,46,364,571,2,65,54,121,450,0,0,0,0,0,0,981,14,88,65,167,814
6,West Bengal,Birbhum,375,4,10,4,18,357,755,4,33,54,91,664,0,0,0,0,0,0,1130,8,43,58,109,1021
7,West Bengal,Coochbehar,545,3,22,25,50,495,1794,5,30,486,521,1273,0,0,0,0,0,0,2339,8,52,511,571,1768
8,West Bengal,Dakshin Dinajpur,377,9,14,20,43,334,1363,14,138,219,371,992,0,0,0,0,0,0,1740,23,152,239,414,1326
9,West Bengal,Darjeeling,121,3,0,1,4,117,278,4,6,15,25,253,0,0,0,0,0,0,399,7,6,16,29,370
10,West Bengal,Hooghly Rural Police,446,3,8,13,24,422,1144,6,96,149,251,893,0,0,0,0,0,0,1590,9,104,162,275,1315
11,West Bengal,Howrah GRP,10,0,0,0,0,10,7,0,0,0,0,7,0,0,0,0,0,0,17,0,0,0,0,17
12,West Bengal,Howrah PC,897,27,34,28,89,808,1158,13,126,156,295,863,0,0,0,0,0,0,2055,40,160,184,384,1671
13,West Bengal,Howrah Rural,374,8,12,4,24,350,1038,6,111,178,295,743,0,0,0,0,0,0,1412,14,123,182,319,1093
14,West Bengal,Jalpaiguri,346,2,5,14,21,325,1030,4,68,132,204,826,0,0,0,0,0,0,1376,6,73,146,225,1151
15,West Bengal,Jhargram,117,2,4,0,6,111,369,2,30,83,115,254,0,0,0,0,0,0,486,4,34,83,121,365
16,West Bengal,Kharagpur GRP,14,0,0,0,0,14,1,0,0,0,0,1,0,0,0,0,0,0,15,0,0,0,0,15
17,West Bengal,Kolkata,2228,55,124,72,251,1977,2226,30,240,282,552,1674,0,0,0,0,0,0,4454,85,364,354,803,3651
18,West Bengal,Malda,668,14,49,43,106,562,2093,152,333,175,660,1433,0,0,0,0,0,0,2761,166,382,218,766,1995
19,West Bengal,Murshidabad Police District,774,21,43,122,186,588,1740,49,127,209,385,1355,0,0,0,0,0,0,2514,70,170,331,571,1943
20,West Bengal,Paschim Medinipur,677,10,22,20,52,625,2257,11,338,519,868,1389,0,0,0,0,0,0,2934,21,360,539,920,2014
21,West Bengal,Purab Medinipur,573,42,11,13,66,507,2334,41,361,461,863,1471,0,0,0,0,0,0,2907,83,372,474,929,1978
22,West Bengal,Purulia,220,3,8,5,16,204,490,1,32,58,91,399,0,0,0,0,0,0,710,4,40,63,107,603
23,West Bengal,Sealdah GRP,22,2,1,0,3,19,18,1,4,1,6,12,0,0,0,0,0,0,40,3,5,1,9,31
24,West Bengal,Siliguri GRP,3,0,0,0,0,3,1,0,0,0,0,1,0,0,0,0,0,0,4,0,0,0,0,4
25,West Bengal,Siliguri PC,560,16,21,24,61,499,1017,27,98,138,263,754,0,0,0,0,0,0,1577,43,119,162,324,1253
26,West Bengal,Baruipur Police,732,16,32,18,66,666,1622,14,232,254,500,1122,0,0,0,0,0,0,2354,30,264,272,566,1788
27,West Bengal,Chandannagar PC,450,5,16,13,34,416,540,5,36,51,92,448,0,0,0,0,0,0,990,10,52,64,126,864
28,West Bengal,Diamond Harbour Police,622,5,16,9,30,592,1228,2,96,107,205,1023,0,0,0,0,0,0,1850,7,112,116,235,1615
29,West Bengal,Kalimpong,0,0,0,0,0,0,0,0,0,0,0,0,0,0,0,0,0,0,0,0,0,0,0,0
30,West Bengal,Purba Bardhaman,772,14,18,14,46,726,2181,10,228,383,621,1560,0,0,0,0,0,0,2953,24,246,397,667,2286
31,West Bengal,Sundarban Police,279,12,9,17,38,241,1067,14,125,205,344,723,0,0,0,0,0,0,1346,26,134,222,382,964
32,West Bengal,Barasat,794,20,45,19,84,710,1666,89,241,106,436,1230,0,0,0,0,0,0,2460,109,286,125,520,1940
33,West Bengal,Basirhat,358,0,25,0,25,333,774,0,387,0,387,387,0,0,0,0,0,0,1132,0,412,0,412,720
34,West Bengal,Bangaon,282,5,13,12,30,252,1094,14,25,243,282,812,0,0,0,0,0,0,1376,19,38,255,312,1064
35,West Bengal,Islampur,197,0,0,19,19,178,520,0,0,117,117,403,0,0,0,0,0,0,717,0,0,136,136,581
36,West Bengal,Jangipur Police District,344,0,3,4,7,337,523,0,7,10,17,506,0,0,0,0,0,0,867,0,10,14,24,843
37,West Bengal,Krishnagar,258,2,8,21,31,227,2081,7,192,387,586,1495,0,0,0,0,0,0,2339,9,200,408,617,1722
38,West Bengal,Raiganj,176,3,8,3,14,162,540,1,29,34,64,476,0,0,0,0,0,0,716,4,37,37,78,638
39,West Bengal,Ranaghat,275,0,11,193,204,71,555,0,17,15,32,523,0,0,0,0,0,0,830,0,28,208,236,594
Total Districts,Total Districts,Total Districts,18146,354,695,835,1884,16262,40725,545,4205,5821,10571,30154,0,0,0,0,0,0,58871,899,4900,6656,12455,46416
1,Andaman and Nicobar Islands,South Andaman,60,2,2,4,8,52,72,6,8,8,22,50,0,0,0,0,0,0,132,8,10,12,30,102
2,Andaman and Nicobar Islands,North & Middle Andaman,13,2,0,1,3,10,12,1,2,1,4,8,0,0,0,0,0,0,25,3,2,2,7,18
3,Andaman and Nicobar Islands,Nicobar,4,0,0,0,0,4,1,0,0,0,0,1,0,0,0,0,0,0,5,0,0,0,0,5
Total Districts,Total Districts,Total Districts,77,4,2,5,11,66,85,7,10,9,26,59,0,0,0,0,0,0,162,11,12,14,37,125
1,Chandigarh,Chandigarh,309,11,14,10,35,274,473,9,48,76,133,340,1,0,0,0,0,1,783,20,62,86,168,615
Total Districts,Total Districts,Total Districts,309,11,14,10,35,274,473,9,48,76,133,340,1,0,0,0,0,1,783,20,62,86,168,615
1,Dadra and Nagar Haveli and Daman and Diu,Dadra and Nagar Haveli,28,0,0,0,0,28,65,0,0,0,0,65,0,0,0,0,0,0,93,0,0,0,0,93
2,Dadra and Nagar Haveli and Daman and Diu,Daman,43,0,0,1,1,42,65,0,3,3,6,59,0,0,0,0,0,0,108,0,3,4,7,101
3,Dadra and Nagar Haveli and Daman and Diu,Diu,9,0,0,3,3,6,5,0,0,1,1,4,0,0,0,0,0,0,14,0,0,4,4,10
Total Districts,Total Districts,Total Districts,80,0,0,4,4,76,135,0,3,4,7,128,0,0,0,0,0,0,215,0,3,8,11,204
1,Delhi,Central,448,38,40,18,96,352,487,22,74,89,185,302,0,0,0,0,0,0,935,60,114,107,281,654
2,Delhi,Crime Branch,0,0,0,0,0,0,0,0,0,0,0,0,0,0,0,0,0,0,0,0,0,0,0,0
3,Delhi,East,515,23,35,14,72,443,733,7,138,68,213,520,0,0,0,0,0,0,1248,30,173,82,285,963
4,Delhi,EOW,0,0,0,0,0,0,0,0,0,0,0,0,0,0,0,0,0,0,0,0,0,0,0,0
5,Delhi,IGI Airport,26,0,0,0,0,26,3,0,0,0,0,3,0,0,0,0,0,0,29,0,0,0,0,29
6,Delhi,Metro,9,0,1,0,1,8,10,2,1,1,4,6,0,0,0,0,0,0,19,2,2,1,5,14
7,Delhi,New Delhi,74,1,8,7,16,58,62,3,4,13,20,42,0,0,0,0,0,0,136,4,12,20,36,100
8,Delhi,North,558,30,44,39,113,445,616,73,107,33,213,403,0,0,0,0,0,0,1174,103,151,72,326,848
9,Delhi,North-East,1048,50,95,35,180,868,1314,19,220,110,349,965,0,0,0,0,0,0,2362,69,315,145,529,1833
10,Delhi,North-West,531,26,60,17,103,428,706,23,142,76,241,465,0,0,0,0,0,0,1237,49,202,93,344,893
11,Delhi,Outer,916,22,73,48,143,773,1362,17,132,187,336,1026,0,0,0,0,0,0,2278,39,205,235,479,1799
12,Delhi,RAILWAY,38,4,0,0,4,34,45,3,6,2,11,34,0,0,0,0,0,0,83,7,6,2,15,68
13,Delhi,South,584,15,41,35,91,493,951,9,134,146,289,662,28,2,4,4,10,18,1563,26,179,185,390,1173
14,Delhi,South-East,768,36,84,42,162,606,1136,13,171,216,400,736,0,0,0,0,0,0,1904,49,255,258,562,1342
15,Delhi,South-West,577,31,52,15,98,479,859,21,170,71,262,597,0,0,0,0,0,0,1436,52,222,86,360,1076
16,Delhi,Spl Cell,0,0,0,0,0,0,0,0,0,0,0,0,0,0,0,0,0,0,0,0,0,0,0,0
17,Delhi,SPUWAC,0,0,0,0,0,0,0,0,0,0,0,0,0,0,0,0,0,0,0,0,0,0,0,0
18,Delhi,Vigilance,0,0,0,0,0,0,0,0,0,0,0,0,0,0,0,0,0,0,0,0,0,0,0,0
19,Delhi,West,617,17,30,24,71,546,886,21,133,113,267,619,0,0,0,0,0,0,1503,38,163,137,338,1165
20,Delhi,Rohini,785,71,61,47,179,606,1012,60,129,149,338,674,0,0,0,0,0,0,1797,131,190,196,517,1280
21,Delhi,Shahdara,599,25,58,10,93,506,735,15,121,59,195,540,0,0,0,0,0,0,1334,40,179,69,288,1046
22,Delhi,Dwarka,836,44,74,21,139,697,1273,22,241,91,354,919,0,0,0,0,0,0,2109,66,315,112,493,1616
23,Delhi,Outer North,1028,134,122,35,291,737,1693,85,399,127,611,1082,0,0,0,0,0,0,2721,219,521,162,902,1819
Total Districts,Total Districts,Total Districts,9957,567,878,407,1852,8105,13883,415,2322,1551,4288,9595,28,2,4,4,10,18,23868,984,3204,1962,6150,17718
1,Jammu and Kashmir,Anantnag,72,1,1,1,3,69,64,1,0,14,15,49,0,0,0,0,0,0,136,2,1,15,18,118
2,Jammu and Kashmir,Awantipora,16,0,1,0,1,15,13,0,0,0,0,13,0,0,0,0,0,0,29,0,1,0,1,28
3,Jammu and Kashmir,Bandipora,22,1,4,3,8,14,33,0,1,1,2,31,0,0,0,0,0,0,55,1,5,4,10,45
4,Jammu and Kashmir,Baramulla,0,0,0,0,0,0,52,0,0,25,25,27,0,0,0,0,0,0,52,0,0,25,25,27
5,Jammu and Kashmir,Budgam,43,0,0,0,0,43,68,0,0,0,0,68,0,0,0,0,0,0,111,0,0,0,0,111
6,Jammu and Kashmir,Special Crime Wing Jammu,0,0,0,0,0,0,0,0,0,0,0,0,0,0,0,0,0,0,0,0,0,0,0,0
7,Jammu and Kashmir,Special Crime Wing Kashmir,0,0,0,0,0,0,0,0,0,0,0,0,0,0,0,0,0,0,0,0,0,0,0,0
8,Jammu and Kashmir,Doda,19,0,1,0,1,18,73,0,5,0,5,68,0,0,0,0,0,0,92,0,6,0,6,86
9,Jammu and Kashmir,Ganderbal,42,0,2,6,8,34,40,0,1,6,7,33,0,0,0,0,0,0,82,0,3,12,15,67
10,Jammu and Kashmir,Handwara,0,0,0,0,0,0,0,0,0,0,0,0,0,0,0,0,0,0,0,0,0,0,0,0
11,Jammu and Kashmir,Jammu,393,0,0,0,0,393,256,0,0,0,0,256,0,0,0,0,0,0,649,0,0,0,0,649
12,Jammu and Kashmir,Kathua,45,2,4,4,10,35,208,10,5,29,44,164,0,0,0,0,0,0,253,12,9,33,54,199
13,Jammu and Kashmir,Kishtwar,15,2,2,0,4,11,40,0,0,0,0,40,0,0,0,0,0,0,55,2,2,0,4,51
14,Jammu and Kashmir,Kulgam,26,0,0,0,0,26,16,1,0,0,1,15,0,0,0,0,0,0,42,1,0,0,1,41
15,Jammu and Kashmir,Kupwara,36,2,3,0,5,31,67,0,0,0,0,67,0,0,0,0,0,0,103,2,3,0,5,98
16,Jammu and Kashmir,Poonch,26,1,2,1,4,22,102,1,0,0,1,101,0,0,0,0,0,0,128,2,2,1,5,123
17,Jammu and Kashmir,Pulwama,41,0,0,0,0,41,19,0,0,0,0,19,0,0,0,0,0,0,60,0,0,0,0,60
18,Jammu and Kashmir,Railways Jammu,7,0,0,1,1,6,2,0,0,0,0,2,0,0,0,0,0,0,9,0,0,1,1,8
19,Jammu and Kashmir,Railways Kashmir,0,0,0,0,0,0,0,0,0,0,0,0,0,0,0,0,0,0,0,0,0,0,0,0
20,Jammu and Kashmir,Railways Katra,0,0,0,0,0,0,0,0,0,0,0,0,0,0,0,0,0,0,0,0,0,0,0,0
21,Jammu and Kashmir,Rajouri,35,0,2,0,2,33,118,0,1,1,2,116,0,0,0,0,0,0,153,0,3,1,4,149
22,Jammu and Kashmir,Ramban,14,0,3,5,8,6,45,0,9,24,33,12,0,0,0,0,0,0,59,0,12,29,41,18
23,Jammu and Kashmir,Reasi,56,0,2,3,5,51,108,0,10,13,23,85,0,0,0,0,0,0,164,0,12,16,28,136
24,Jammu and Kashmir,Samba,49,0,0,4,4,45,120,2,2,19,23,97,0,0,0,0,0,0,169,2,2,23,27,142
25,Jammu and Kashmir,Shopian,23,0,0,4,4,19,29,0,7,9,16,13,0,0,0,0,0,0,52,0,7,13,20,32
26,Jammu and Kashmir,Sopore,3,0,3,0,3,0,15,0,0,7,7,8,0,0,0,0,0,0,18,0,3,7,10,8
27,Jammu and Kashmir,Srinagar,198,1,9,2,12,186,141,0,4,7,11,130,0,0,0,0,0,0,339,1,13,9,23,316
28,Jammu and Kashmir,Udhampur,76,2,2,4,8,68,137,2,10,20,32,105,0,0,0,0,0,0,213,4,12,24,40,173
29,Jammu and Kashmir,Cyber Crime Jammu,0,0,0,0,0,0,0,0,0,0,0,0,0,0,0,0,0,0,0,0,0,0,0,0
30,Jammu and Kashmir,Cyber Crime Kashmir,0,0,0,0,0,0,0,0,0,0,0,0,0,0,0,0,0,0,0,0,0,0,0,0
31,Jammu and Kashmir,Anti Narcotic Task Force Jammu,0,0,0,0,0,0,0,0,0,0,0,0,0,0,0,0,0,0,0,0,0,0,0,0
32,Jammu and Kashmir,Anti Narcotic Task Force Kashmir,0,0,0,0,0,0,0,0,0,0,0,0,0,0,0,0,0,0,0,0,0,0,0,0
33,Jammu and Kashmir,EOW Jammu,0,0,0,0,0,0,0,0,0,0,0,0,0,0,0,0,0,0,0,0,0,0,0,0
34,Jammu and Kashmir,EOW Kashmir,0,0,0,0,0,0,0,0,0,0,0,0,0,0,0,0,0,0,0,0,0,0,0,0
35,Jammu and Kashmir,CICE Jammu,0,0,0,0,0,0,0,0,0,0,0,0,0,0,0,0,0,0,0,0,0,0,0,0
36,Jammu and Kashmir,CICE Kashmir,0,0,0,0,0,0,0,0,0,0,0,0,0,0,0,0,0,0,0,0,0,0,0,0
Total Districts,Total Districts,Total Districts,1257,12,41,38,91,1166,1766,17,55,175,247,1519,0,0,0,0,0,0,3023,29,96,213,338,2685
1,Ladakh,Kargil,5,0,0,0,0,5,2,0,0,0,0,2,0,0,0,0,0,0,7,0,0,0,0,7
2,Ladakh,Leh,11,0,0,0,0,11,5,0,0,0,0,5,0,0,0,0,0,0,16,0,0,0,0,16
Total Districts,Total Districts,Total Districts,16,0,0,0,0,16,7,0,0,0,0,7,0,0,0,0,0,0,23,0,0,0,0,23
1,Lakshadweep,Lakshadweep,0,0,0,0,0,0,0,0,0,0,0,0,0,0,0,0,0,0,0,0,0,0,0,0
Total Districts,Total Districts,Total Districts,0,0,0,0,0,0,0,0,0,0,0,0,0,0,0,0,0,0,0,0,0,0,0,0
1,Puducherry,Karaikal,0,0,0,0,0,0,0,0,0,0,0,0,0,0,0,0,0,0,0,0,0,0,0,0
2,Puducherry,Puducherry,91,4,3,7,14,77,158,3,7,14,24,134,0,0,0,0,0,0,249,7,10,21,38,211
Total Districts,Total Districts,Total Districts,91,4,3,7,14,77,158,3,7,14,24,134,0,0,0,0,0,0,249,7,10,21,38,211
